LID	AZHtt_NLL
0	256.361
1	153.281
2	60.609
3	101.581
4	154.27
5	348.613
6	524.27
7	1.10143
8	89.3105
9	6.99697
10	41.2733
11	0
12	9.8745
13	0
14	26.4968
15	96.8785
16	186.723
17	19.1967
18	3.33499
19	285.745
20	31.7512
21	2.21723
22	391.752
23	10.16
24	102.786
25	111.664
26	77.8968
27	786.915
28	0.07049
29	226.236
30	27.8116
31	260.241
32	366.914
33	0
34	396.414
35	351.792
36	1.73479
37	239.85
38	7.88614
39	397.791
40	495.27
41	191.238
42	196.939
43	700.228
44	0
45	296.899
46	73.0524
47	0
48	141.052
49	174.247
50	11.2278
51	60.9431
52	387.783
53	50.162
54	173.007
55	0
56	169.877
57	181.942
58	9.65671
59	0
60	169.767
61	0
62	230.9
63	26.4968
64	0
65	692.304
66	0.297058
67	239.359
68	158.682
69	191.044
70	162.887
71	122.449
72	151.496
73	55.573
74	212.523
75	100.426
76	146.765
77	27.824
78	198.883
79	179.333
80	208.836
81	90.5643
82	23.6415
83	8.52207
84	128.693
85	0.0739563
86	0
87	205.546
88	34.2983
89	122.953
90	267.296
91	220.551
92	135.683
93	252.773
94	53.0771
95	75.3
96	131.086
97	0
98	31.3269
99	370.556
100	94.8833
101	96.4874
102	15.0897
103	1.41214
104	137.61
105	263.071
106	89.176
107	406.059
108	0
109	0
110	71.8523
111	0
112	2.72929
113	54.5771
114	55.3726
115	35.8252
116	115.721
117	82.8115
118	53.9481
119	61.2716
120	159.288
121	127.362
122	88.1287
123	110.331
124	0
125	0
126	119.952
127	0
128	0
129	64.2529
130	104.783
131	24.9896
132	135.273
133	32.7704
134	109.115
135	29.9689
136	381.636
137	3.88904
138	155.719
139	49.8053
140	135.948
141	0
142	206.793
143	108.387
144	48.1092
145	0
146	0.366317
147	3.61005
148	54.0794
149	178.86
150	274.875
151	7.27724
152	0
153	427.437
154	168.935
155	68.3665
156	79.9647
157	11.4669
158	307.223
159	1.97785
160	125.085
161	548.942
162	84.474
163	0
164	1.21193
165	34.6443
166	457.304
167	65.3218
168	129.107
169	0
170	42.8933
171	29.5032
172	4.69104
173	166.348
174	63.6495
175	285.088
176	597.237
177	343.186
178	69.43
179	0
180	0
181	202.852
182	291.739
183	0.0175685
184	2.67352
185	210.377
186	212.694
187	41.5359
188	166.913
189	9.86959
190	1.37331
191	24.8414
192	0
193	458.498
194	0.0724511
195	229.571
196	0
197	172.012
198	17.7064
199	94.2623
200	115.772
201	104.785
202	156.054
203	239.871
204	0
205	0
206	136.191
207	0
208	142.099
209	227.592
210	129.547
211	98.047
212	184.49
213	167.353
214	0
215	0
216	0
217	0
218	164.47
219	136.277
220	53.127
221	61.2424
222	391.98
223	146.867
224	31.9678
225	72.3147
226	217.009
227	282.708
228	142.418
229	0
230	196.803
231	142.076
232	1.32284
233	5.53777
234	0
235	73.7341
236	186.561
237	35.0016
238	0.515847
239	0
240	0.435111
241	80.6131
242	147.707
243	88.3731
244	114.283
245	4.32542
246	170.341
247	196.184
248	0
249	134.05
250	72.1275
251	0
252	386.764
253	80.8341
254	186.921
255	15.9216
256	202.108
257	351.361
258	329.84
259	89.6113
260	250.818
261	0
262	77.3145
263	36.9238
264	88.3238
265	6.03857
266	112.545
267	153.903
268	0
269	398.134
270	87.0853
271	179.87
272	361.575
273	48.4651
274	90.711
275	154.803
276	2.73721
277	0
278	386.402
279	289.21
280	74.8452
281	0
282	42.0079
283	132.273
284	194.259
285	0
286	0
287	56.6018
288	38.818
289	0
290	68.0966
291	36.7748
292	0
293	93.1536
294	284.888
295	76.972
296	0
297	53.5322
298	182.345
299	53.6581
300	9.79963
301	0
302	126.683
303	32.7059
304	55.6378
305	0
306	0.718432
307	0
308	202.226
309	244.497
310	0
311	48.224
312	44.9525
313	88.7547
314	46.4041
315	32.5551
316	0
317	13.1537
318	109.513
319	0
320	6.1204
321	0
322	123.69
323	19.1621
324	94.4727
325	37.8428
326	0
327	84.9356
328	214.313
329	2.0007
330	99.1065
331	120.708
332	0
333	56.1606
334	70.2071
335	55.6825
336	42.5402
337	225.388
338	196.196
339	120.708
340	130.086
341	82.2648
342	2.57991
343	0.866967
344	0
345	217.009
346	117.705
347	0
348	1.98652
349	7.93814
350	15.6781
351	115.791
352	0.120951
353	62.4826
354	203.972
355	78.2961
356	5.76634
357	0
358	126.18
359	65.578
360	0
361	7.11285
362	312.019
363	117.007
364	2.09982
365	74.432
366	111.349
367	34.5489
368	94.8247
369	0
370	40.1832
371	75.2091
372	0
373	108.475
374	255.039
375	0
376	72.6917
377	0
378	82.8153
379	118.248
380	0
381	60.571
382	45.265
383	208.238
384	484.963
385	53.5322
386	242.9
387	0
388	42.5484
389	68.2738
390	44.9976
391	0
392	96.8311
393	15.1961
394	0
395	88.3532
396	0
397	536.557
398	39.3249
399	78.836
400	186.921
401	0
402	42.902
403	233.855
404	172.207
405	81.406
406	0
407	0
408	162.666
409	22.1439
410	105.104
411	141.932
412	197.225
413	229.274
414	0
415	0
416	5.76634
417	12.7945
418	40.0219
419	138.663
420	89.3937
421	0
422	133.192
423	471.136
424	32.3492
425	115.748
426	0
427	5.98831
428	80.5421
429	9.78234
430	179.922
431	0
432	0
433	0
434	0
435	25.6975
436	119.087
437	55.4664
438	44.9308
439	93.1498
440	0
441	269.997
442	14.2465
443	0
444	20.1282
445	0
446	265.805
447	86.5445
448	425.661
449	268.968
450	36.7225
451	138.019
452	25.6975
453	77.5446
454	0
455	32.3397
456	0
457	63.4416
458	0
459	0
460	0
461	181.787
462	0
463	44.9308
464	0
465	27.924
466	0
467	107.681
468	231.915
469	76.5052
470	286.459
471	152.195
472	0
473	491.627
474	272.901
475	0
476	0
477	57.579
478	155.031
479	530.425
480	36.013
481	58.9929
482	174.262
483	94.5094
484	114.816
485	161.13
486	0
487	45.4631
488	37.4252
489	365.868
490	0
491	221.191
492	68.3227
493	187.72
494	155.653
495	97.3278
496	66.1774
497	143.316
498	425.661
499	172.409
500	0
501	0
502	0
503	103.687
504	0
505	0
506	45.9826
507	14.2875
508	11.2396
509	411.752
510	187.72
511	36.5944
512	0
513	23.0888
514	0
515	0
516	152.195
517	115.063
518	122.623
519	0
520	153.651
521	217.63
522	23.0888
523	12.0176
524	429.834
525	136.766
526	0
527	65.6567
528	152.847
529	3.81688
530	83.0169
531	80.5421
532	72.3802
533	365.868
534	37.704
535	0
536	70.2177
537	0
538	0
539	0
540	189.353
541	0
542	39.2441
543	0
544	0.73288
545	23.3071
546	0
547	194.639
548	51.6697
549	73.4616
550	26.067
551	0
552	223.234
553	74.9336
554	199.965
555	0
556	0
557	0
558	0
559	128.411
560	0
561	0
562	0
563	223.234
564	105.127
565	141.667
566	38.0414
567	0
568	36.5944
569	0
570	96.01
571	0
572	0
573	0
574	25.2375
575	0
576	0
577	0
578	420.701
579	78.3015
580	50.9578
581	101.46
582	110.886
583	229.541
584	0
585	35.8251
586	228.543
587	315.253
588	0
589	15.962
590	212.894
591	339.438
592	12.6557
593	0
594	0
595	29.6214
596	0
597	27.4162
598	145.625
599	74.2148
600	0
601	86.3341
602	54.7598
603	271.254
604	217.495
605	396.398
606	0
607	42.1012
608	10.4937
609	35.5497
610	222.507
611	135.818
612	54.7598
613	0
614	0
615	0
616	0
617	0
618	33.342
619	0
620	0
621	1001.01
622	0
623	0
624	57.4182
625	1.71209
626	147.159
627	0
628	11.1027
629	82.0505
630	21.8909
631	0
632	0
633	322.72
634	75.611
635	361.737
636	71.8401
637	210.474
638	174.91
639	192.246
640	110.886
641	0
642	75.5956
643	27.4801
644	57.5909
645	0
646	93.6901
647	266.24
648	0
649	203.785
650	85.4488
651	61.3913
652	0
653	41.4632
654	0
655	74.9702
656	0
657	0
658	136.667
659	59.4762
660	0
661	0
662	187.657
663	217.175
664	22.2962
665	0
666	90.6079
667	729.98
668	41.2384
669	77.7473
670	41.2384
671	86.2052
672	0
673	348.771
674	0
675	63.3742
676	217.175
677	131.783
678	110.949
679	217.175
680	17.8946
681	224.421
682	176.255
683	0
684	437.057
685	0
686	0
687	14.3593
688	217.66
689	113.234
690	0
691	128.969
692	146.577
693	0
694	7.03294
695	97.2354
696	0
697	1.13749
698	150.698
699	269.369
700	16.0825
701	532.884
702	136.117
703	0
704	0
705	150.401
706	580.099
707	54.7567
708	54.7567
709	81.5366
710	98.4036
711	98.4036
712	65.5965
713	169.657
714	0
715	91.8478
716	351.923
717	0
718	111.038
719	0
720	111.038
721	111.038
722	0
723	0
724	32.0114
725	0
726	0
727	0
728	199.805
729	0
730	0
731	4.41639
732	0
733	57.1803
734	50.1868
735	157.192
736	167.446
737	25.1893
738	100.282
739	117.671
740	0
741	0
742	256.019
743	92.9701
744	355.955
745	0
746	317.351
747	0
748	338.48
749	206.963
750	52.6317
751	0
752	34.8755
753	76.6501
754	0.81571
755	0
756	12.301
757	20.0621
758	416.626
759	9.10646
760	0
761	0
762	0
763	0
764	0
765	18.3821
766	2.73784
767	17.5785
768	0
769	88.287
770	23.2617
771	38.0223
772	85.8922
773	160.899
774	0.587249
775	48.5336
776	1.13637
777	59.0426
778	283.995
779	1.74168
780	0
781	0
782	247.105
783	32.3244
784	213.736
785	77.5974
786	63.5525
787	0
788	370.395
789	54.6727
790	0
791	63.5525
792	22.4407
793	122.888
794	254.893
795	6.87465
796	329.53
797	133.392
798	329.53
799	0
800	101.18
801	504.962
802	222.186
803	0
804	59.4967
805	23.1319
806	83.8714
807	83.4033
808	60.0385
809	0
810	5.70948
811	98.7403
812	0
813	0
814	65.5447
815	510.532
816	71.3444
817	232.086
818	123.827
819	0
820	0
821	221.898
822	0
823	65.3673
824	0
825	92.7455
826	0
827	274.674
828	108.021
829	526.786
830	0
831	0
832	9.56846
833	0
834	0
835	37.6118
836	0
837	0
838	55.7857
839	65.6195
840	0
841	213.083
842	499.924
843	29.4884
844	29.4884
845	247.979
846	0
847	582.163
848	151.404
849	0
850	107.716
851	654.633
852	38.5222
853	72.9764
854	27.1458
855	77.1572
856	229.545
857	0.0454134
858	12.7592
859	1.40571
860	158.49
861	27.1882
862	144.604
863	301.791
864	0
865	83.5978
866	154.69
867	66.092
868	0
869	20.7602
870	4.24227
871	242.569
872	116.544
873	0
874	0
875	2.94519
876	0
877	30.0828
878	0
879	436.695
880	41.6745
881	152.079
882	221.653
883	61.7436
884	39.0522
885	220.985
886	315.919
887	0
888	0
889	0
890	15.8405
891	0
892	217.509
893	45.324
894	204.567
895	502.824
896	397
897	44.5681
898	156.701
899	56.4111
900	171.056
901	64.2726
902	40.0612
903	0
904	6.28473
905	130.327
906	131.064
907	49.639
908	0
909	294.188
910	38.7366
911	0
912	127.187
913	0
914	102.046
915	0
916	5.11675
917	40.6683
918	662.607
919	365.412
920	296.244
921	34.6128
922	30.0663
923	44.0538
924	43.425
925	0
926	381.226
927	0
928	128.843
929	0
930	37.648
931	48.1026
932	15.4551
933	218.284
934	88.1422
935	0
936	167.238
937	0
938	41.1861
939	241.066
940	0
941	28.6999
942	8.0577
943	314.707
944	172.923
945	53.1333
946	22.1481
947	34.5073
948	153.099
949	0
950	0
951	110.043
952	0
953	234.299
954	52.2992
955	3.433
956	192.691
957	0
958	69.1389
959	215.365
960	101.495
961	0
962	0
963	0
964	0
965	100.101
966	40.8385
967	666.646
968	0.568151
969	0
970	40.3263
971	31.3711
972	0
973	0
974	83.868
975	6.98606
976	24.3167
977	332.597
978	80.8285
979	217.038
980	266.627
981	100.101
982	0
983	16.8223
984	100.101
985	0
986	135.194
987	0
988	291.869
989	0.246347
990	6.32296
991	0
992	142.198
993	99.6677
994	4.47794
995	36.395
996	0
997	27.6083
998	0
999	0
1000	249.536
1001	526.636
1002	0
1003	356.479
1004	308.963
1005	0
1006	0
1007	356.471
1008	133.451
1009	152.045
1010	64.3918
1011	0
1012	225.261
1013	0
1014	188.996
1015	60.5552
1016	0
1017	0
1018	76.1969
1019	0
1020	0
1021	115.054
1022	165.344
1023	665.915
1024	48.5018
1025	0
1026	201.949
1027	27.2038
1028	278.322
1029	100.659
1030	34.6257
1031	160.2
1032	0
1033	272.987
1034	155.309
1035	16.2823
1036	0
1037	0
1038	0
1039	183.874
1040	74.9227
1041	31.1348
1042	78.8656
1043	445.463
1044	69.5441
1045	0
1046	0
1047	0
1048	0
1049	111.975
1050	199.09
1051	8.57076
1052	32.755
1053	92.3758
1054	0
1055	202.218
1056	291.943
1057	158.229
1058	213.087
1059	256.537
1060	121.01
1061	50.2696
1062	71.1677
1063	0.4813
1064	113.928
1065	159.23
1066	0
1067	0
1068	0
1069	180.608
1070	70.3215
1071	242.511
1072	176.716
1073	33.2813
1074	200.76
1075	0
1076	144.989
1077	21.5047
1078	15.8477
1079	140.299
1080	236.093
1081	145.4
1082	0
1083	11.4447
1084	154.376
1085	0
1086	19.0909
1087	110.653
1088	62.9604
1089	0
1090	20.3381
1091	65.4683
1092	48.4422
1093	406.565
1094	167.554
1095	11.9052
1096	317.989
1097	0
1098	35.7682
1099	0
1100	7.28407
1101	219.339
1102	90.6077
1103	91.0806
1104	0
1105	0
1106	0
1107	283.997
1108	199.546
1109	0
1110	51.2051
1111	0
1112	112.468
1113	1.47082
1114	226.683
1115	0
1116	49.3567
1117	4.85129
1118	241.755
1119	30.0746
1120	186.923
1121	84.0479
1122	61.6311
1123	72.3284
1124	254.912
1125	331.569
1126	0
1127	147.616
1128	242.83
1129	148.598
1130	16.7927
1131	275.74
1132	106.001
1133	281.297
1134	281.489
1135	0
1136	38.6116
1137	5.62379
1138	43.1345
1139	50.5769
1140	44.559
1141	60.9766
1142	0
1143	74.2205
1144	135.139
1145	251.216
1146	0
1147	0
1148	117.649
1149	30.3024
1150	96.8724
1151	257.963
1152	323.964
1153	453.849
1154	97.2794
1155	0
1156	434.847
1157	491.13
1158	224.059
1159	9.61888
1160	117.433
1161	187.989
1162	256.015
1163	91.8296
1164	14.8035
1165	84.1
1166	5.43676
1167	30.8531
1168	125.286
1169	306.285
1170	58.5581
1171	44.8094
1172	10.7678
1173	39.2544
1174	1.95588
1175	17.43
1176	0
1177	0
1178	8.36824
1179	167.298
1180	0
1181	215.546
1182	402.821
1183	196.625
1184	0
1185	15.8197
1186	0
1187	111.56
1188	0
1189	13.4382
1190	0
1191	0
1192	15.9153
1193	0
1194	124.039
1195	124.039
1196	124.039
1197	115.313
1198	245.713
1199	0
1200	0
1201	10.9835
1202	0
1203	195.527
1204	117.744
1205	102.696
1206	9.61732
1207	68.845
1208	0
1209	0
1210	0
1211	108.194
1212	0
1213	75.4421
1214	4.38995
1215	68.134
1216	0
1217	132.573
1218	299.686
1219	71.5597
1220	111.969
1221	93.3333
1222	0
1223	111.502
1224	0
1225	0
1226	6.44917
1227	45.7634
1228	0
1229	0
1230	0
1231	101.905
1232	0
1233	40.6507
1234	0
1235	2.95544
1236	56.2557
1237	102.542
1238	160.334
1239	434.814
1240	155.726
1241	239.813
1242	82.9517
1243	15.7447
1244	73.9947
1245	23.3702
1246	0
1247	305.588
1248	78.9125
1249	150.913
1250	617.385
1251	126.508
1252	0
1253	196.956
1254	0
1255	133.333
1256	360.159
1257	0
1258	0
1259	0
1260	0
1261	98.3697
1262	246.374
1263	72.743
1264	93.3488
1265	154.394
1266	217.548
1267	5.65991
1268	0
1269	0.1551
1270	0
1271	59.8195
1272	158.069
1273	33.0305
1274	0
1275	0
1276	26.4716
1277	193.801
1278	28.1803
1279	404.754
1280	0
1281	68.9623
1282	58.1446
1283	53.3358
1284	111.631
1285	70.6135
1286	229.274
1287	77.3806
1288	177.165
1289	0
1290	0
1291	0
1292	29.4163
1293	135.586
1294	0
1295	0
1296	0
1297	132.442
1298	61.27
1299	0
1300	98.2443
1301	0
1302	0
1303	68.9623
1304	161.851
1305	138.33
1306	38.1885
1307	0
1308	0
1309	0
1310	157.72
1311	172.995
1312	4.28164
1313	192.774
1314	55.8499
1315	142.182
1316	468.406
1317	142.182
1318	4.98359
1319	73.8377
1320	202.196
1321	202.196
1322	202.196
1323	44.7943
1324	202.196
1325	212.804
1326	173.076
1327	3.19059
1328	93.1235
1329	261.03
1330	79.239
1331	0.0731481
1332	263.021
1333	37.0277
1334	288.175
1335	194.515
1336	14.9282
1337	28.0961
1338	9.14455
1339	8.35011
1340	0
1341	36.2483
1342	77.5804
1343	0
1344	19.6702
1345	186.728
1346	580.035
1347	422.401
1348	4.36833
1349	0
1350	65.1626
1351	113.086
1352	216.225
1353	0
1354	71.5917
1355	55.5305
1356	199.183
1357	71.5917
1358	0
1359	0.107247
1360	0
1361	0
1362	6.32843
1363	38.5419
1364	322.656
1365	245.204
1366	16.884
1367	0
1368	0
1369	185.016
1370	0
1371	251.515
1372	0
1373	453.072
1374	5.86506
1375	0
1376	120.965
1377	453.072
1378	42.9981
1379	63.3145
1380	409.821
1381	62.6456
1382	93.1203
1383	108.108
1384	279.22
1385	244.073
1386	0
1387	104.926
1388	163.706
1389	70.7075
1390	307.083
1391	42.2659
1392	58.1184
1393	36.2757
1394	74.8762
1395	124.813
1396	119.092
1397	0
1398	46.3311
1399	169.681
1400	0
1401	48.2872
1402	36.0037
1403	48.2872
1404	141.157
1405	73.3921
1406	0
1407	178.857
1408	5.09751
1409	0
1410	0
1411	242.338
1412	73.7112
1413	49.046
1414	157.528
1415	185.595
1416	13.0638
1417	487.189
1418	175.422
1419	210.3
1420	47.6685
1421	0
1422	64.6281
1423	0
1424	47.3612
1425	70.8462
1426	0
1427	110.684
1428	26.1922
1429	82.7184
1430	50.1821
1431	131.021
1432	0
1433	22.4446
1434	0
1435	0
1436	111.865
1437	0
1438	22.8325
1439	2.44751
1440	0
1441	103.857
1442	6.89206
1443	72.0462
1444	155.065
1445	46.514
1446	7.04395
1447	146.143
1448	0
1449	32.6982
1450	140.273
1451	46.0566
1452	273.383
1453	45.845
1454	248.18
1455	276.632
1456	98.1423
1457	215.749
1458	263.741
1459	259.718
1460	104.625
1461	16.0552
1462	220.039
1463	211.816
1464	72.2572
1465	104.551
1466	471.03
1467	80.4795
1468	37.2121
1469	2.2162
1470	0
1471	209.533
1472	20.1254
1473	350.935
1474	15.7196
1475	0
1476	30.2873
1477	221.111
1478	226.374
1479	0
1480	0
1481	180.104
1482	98.8973
1483	25.0237
1484	188.061
1485	39.8583
1486	4.79105
1487	0
1488	276.67
1489	143.331
1490	59.456
1491	0
1492	92.5647
1493	352.132
1494	282.022
1495	74.0902
1496	2.90606
1497	391.029
1498	220.567
1499	44.0321
1500	8.99449
1501	1.9671
1502	109.727
1503	0
1504	0.255456
1505	124.656
1506	232.68
1507	42.7397
1508	0
1509	0
1510	7.6095
1511	72.4431
1512	149.014
1513	0
1514	142.21
1515	35.01
1516	0
1517	28.7786
1518	154.245
1519	0
1520	257.881
1521	9.33086
1522	0.398458
1523	185.247
1524	88.3329
1525	0
1526	72.5591
1527	0
1528	423.956
1529	0
1530	112.631
1531	231.796
1532	39.8032
1533	0
1534	10.6444
1535	0
1536	0
1537	0
1538	543.092
1539	0
1540	207.344
1541	42.7748
1542	94.3029
1543	55.598
1544	0
1545	344.985
1546	185.356
1547	105.268
1548	224.839
1549	347.7
1550	0
1551	43.2196
1552	0
1553	162.38
1554	231.937
1555	62.5515
1556	0
1557	0
1558	25.4614
1559	149.739
1560	11.0168
1561	183.428
1562	42.6982
1563	74.3915
1564	207.344
1565	151.511
1566	6.56593
1567	0
1568	0
1569	414.293
1570	0
1571	208.184
1572	67.1772
1573	71.9352
1574	0
1575	0
1576	0
1577	162.332
1578	41.3963
1579	46.3255
1580	54.0456
1581	63.0664
1582	692.338
1583	29.236
1584	314.034
1585	92.1175
1586	382.366
1587	0
1588	0
1589	0
1590	0
1591	0
1592	0
1593	113.565
1594	64.17
1595	66.537
1596	235.933
1597	116.34
1598	0.388182
1599	66.537
1600	82.6824
1601	20.4164
1602	183.672
1603	20.2612
1604	72.0473
1605	0
1606	183.672
1607	0
1608	114.322
1609	114.322
1610	0
1611	0
1612	17.501
1613	276.805
1614	0
1615	0
1616	0
1617	55.694
1618	44.8985
1619	40.5692
1620	345.074
1621	0
1622	0
1623	0
1624	23.2401
1625	49.0162
1626	247.143
1627	146.894
1628	301.086
1629	0
1630	31.6549
1631	33.3986
1632	101.686
1633	206.535
1634	68.8899
1635	2.53294
1636	164.211
1637	284.311
1638	47.8759
1639	125.825
1640	106.087
1641	15.9041
1642	96.3109
1643	15.3444
1644	212.474
1645	0
1646	182.582
1647	407.709
1648	24.321
1649	209.37
1650	0
1651	2.4775
1652	343.967
1653	0
1654	35.1316
1655	125.714
1656	467.808
1657	28.8732
1658	0
1659	306.898
1660	249.921
1661	13.5517
1662	159.434
1663	59.4158
1664	0
1665	38.8223
1666	226.793
1667	0
1668	131.926
1669	80.8103
1670	113.007
1671	140.978
1672	0
1673	73.0745
1674	149.092
1675	182.324
1676	416.484
1677	25.0536
1678	0.574959
1679	148.702
1680	30.9179
1681	296.637
1682	188.027
1683	0.330871
1684	15.7295
1685	0
1686	232.987
1687	41.0535
1688	546.248
1689	166.895
1690	376.403
1691	0
1692	323.211
1693	240.217
1694	0
1695	218.948
1696	18.167
1697	7.16264
1698	0
1699	182.533
1700	38.8277
1701	2.2493
1702	28.7506
1703	0
1704	158.266
1705	28.7506
1706	119.228
1707	28.7506
1708	0
1709	0
1710	37.3781
1711	0
1712	215.929
1713	0
1714	8.78298
1715	111.56
1716	96.8609
1717	0
1718	235.664
1719	39.1306
1720	0
1721	0
1722	151.397
1723	532.023
1724	208.118
1725	38.5845
1726	186.129
1727	226.274
1728	0
1729	7.72308
1730	0
1731	5.46993
1732	102.403
1733	144.046
1734	52.1092
1735	0
1736	132.972
1737	50.2257
1738	0
1739	16.7327
1740	26.1983
1741	273.5
1742	370.258
1743	0
1744	32.6047
1745	0
1746	151.397
1747	0
1748	296.787
1749	0
1750	38.4193
1751	0
1752	0
1753	0
1754	494.267
1755	0
1756	19.6188
1757	0
1758	0
1759	365.191
1760	247.31
1761	289.354
1762	355.871
1763	0
1764	0
1765	0
1766	110.675
1767	0
1768	181.804
1769	693.255
1770	255.733
1771	0
1772	508.003
1773	583.616
1774	45.3027
1775	25.0398
1776	94.0323
1777	109.066
1778	271.486
1779	289.229
1780	0
1781	88.6889
1782	25.7405
1783	0
1784	0
1785	89.5374
1786	119.561
1787	120.221
1788	31.9124
1789	0
1790	28.0919
1791	0
1792	120.593
1793	107.445
1794	115.424
1795	23.2064
1796	0
1797	58.0179
1798	234.087
1799	10.1965
1800	94.6552
1801	141.443
1802	65.8804
1803	0
1804	10.0348
1805	0
1806	232.512
1807	295.894
1808	111.788
1809	0
1810	99.0862
1811	0
1812	480.56
1813	141.21
1814	0
1815	0
1816	222.556
1817	100.197
1818	12.9892
1819	0
1820	60.827
1821	224.398
1822	57.7328
1823	50.5482
1824	135.674
1825	209.366
1826	277.819
1827	170.573
1828	33.0761
1829	0
1830	30.3897
1831	165.92
1832	26.9533
1833	82.7039
1834	113.201
1835	61.4113
1836	0
1837	3.69144
1838	54.1156
1839	0
1840	82.6553
1841	0
1842	122.325
1843	118.851
1844	0
1845	196.149
1846	52.8849
1847	0
1848	145.99
1849	221.269
1850	113.619
1851	442.378
1852	135.175
1853	67.7829
1854	206.809
1855	38.5906
1856	0
1857	104.482
1858	0
1859	0
1860	193.871
1861	2.47374
1862	0
1863	79.566
1864	37.9996
1865	103.984
1866	369.654
1867	169.086
1868	522.629
1869	129.611
1870	0.599139
1871	9.46532
1872	0
1873	120.812
1874	203.66
1875	0
1876	0
1877	0
1878	37.9808
1879	0
1880	1.11673
1881	231.996
1882	27.4019
1883	0
1884	369.537
1885	117.01
1886	19.7672
1887	178.731
1888	1.10817
1889	0
1890	169.606
1891	355.713
1892	0
1893	0
1894	38.0977
1895	14.9931
1896	145.367
1897	79.1675
1898	281.756
1899	164.493
1900	186.042
1901	0
1902	97.8168
1903	27.7403
1904	464.312
1905	75.6257
1906	186.042
1907	16.3279
1908	186.042
1909	225.023
1910	49.2585
1911	104.847
1912	20.0844
1913	104.847
1914	570.292
1915	135.757
1916	135.757
1917	240.18
1918	240.18
1919	240.18
1920	0
1921	0
1922	581.227
1923	80.1823
1924	0
1925	646.667
1926	0
1927	239.644
1928	96.2662
1929	273.412
1930	275.4
1931	75.0117
1932	157.549
1933	231.88
1934	36.5155
1935	57.014
1936	317.355
1937	165.359
1938	136.111
1939	190.735
1940	56.306
1941	0.264728
1942	42.5994
1943	111.325
1944	196.744
1945	42.7612
1946	220.423
1947	0
1948	135.732
1949	126.717
1950	92.2254
1951	131.18
1952	167.304
1953	46.95
1954	63.9469
1955	23.2375
1956	0
1957	115.031
1958	2.98415
1959	29.5604
1960	147.921
1961	0
1962	117.817
1963	0
1964	259.766
1965	162.984
1966	0
1967	79.3746
1968	113.203
1969	0
1970	198.685
1971	0.0965841
1972	74.9551
1973	84.5836
1974	56.3751
1975	173.271
1976	55.8424
1977	75.4042
1978	303.935
1979	224.361
1980	63.9456
1981	0
1982	32.6696
1983	0
1984	87.6083
1985	595.1
1986	0
1987	57.6317
1988	0
1989	26.0277
1990	10.7278
1991	382.665
1992	82.1963
1993	97.6806
1994	658.592
1995	225.603
1996	57.9431
1997	561.406
1998	117.008
1999	184.251
2000	195.697
2001	46.0719
2002	0
2003	0
2004	34.5541
2005	60.6859
2006	49.7304
2007	0
2008	0
2009	616.596
2010	13.5242
2011	8.04125
2012	14.5911
2013	97.9407
2014	116.355
2015	55.9172
2016	77.2051
2017	13.1302
2018	85.3859
2019	24.7497
2020	87.9734
2021	1.338
2022	0
2023	0
2024	529.737
2025	0
2026	354.009
2027	0
2028	0
2029	1.04593
2030	221.017
2031	5.57035
2032	235.691
2033	110.669
2034	118.689
2035	0
2036	18.8305
2037	50.9734
2038	124.384
2039	52.4829
2040	114.594
2041	4.82945
2042	0
2043	105.58
2044	184.16
2045	0
2046	231.618
2047	86.9467
2048	0
2049	86.9467
2050	240.589
2051	10.1257
2052	113.055
2053	0
2054	64.5931
2055	82.245
2056	791.324
2057	170.812
2058	28.3878
2059	12.247
2060	0
2061	198.925
2062	0
2063	171.863
2064	878.543
2065	46.3544
2066	47.4086
2067	147.753
2068	90.0184
2069	0
2070	0
2071	113.055
2072	10.1257
2073	86.9467
2074	0
2075	652.968
2076	0
2077	373.931
2078	0
2079	40.1092
2080	0
2081	0
2082	0
2083	0
2084	38.7694
2085	357.312
2086	0
2087	550.952
2088	550.952
2089	0
2090	0
2091	619.201
2092	619.201
2093	122.836
2094	185.279
2095	185.279
2096	81.4058
2097	0.958162
2098	2.81116
2099	0
2100	246.559
2101	39.4787
2102	53.7688
2103	28.2482
2104	16.3859
2105	47.9239
2106	6.08248
2107	154.085
2108	189.633
2109	0
2110	14.99
2111	0
2112	35.884
2113	1.0303
2114	30.9023
2115	135.639
2116	213.979
2117	225.284
2118	255.999
2119	0
2120	121.998
2121	80.9646
2122	0
2123	0
2124	63.0697
2125	217.173
2126	0
2127	0
2128	0
2129	0
2130	121.387
2131	0
2132	388.895
2133	30.6176
2134	66.7628
2135	14.0453
2136	174.596
2137	241.771
2138	80.4051
2139	48.3238
2140	45.3348
2141	97.4771
2142	48.3238
2143	22.664
2144	51.0789
2145	0
2146	217.308
2147	213.317
2148	227.595
2149	15.949
2150	61.1576
2151	52.2896
2152	0
2153	0
2154	107.617
2155	140.782
2156	11.0649
2157	303.753
2158	0
2159	40.458
2160	35.0705
2161	0
2162	4.78987
2163	62.659
2164	0
2165	117.253
2166	0
2167	90.4004
2168	356.271
2169	0
2170	0
2171	28.0803
2172	120.102
2173	166.56
2174	0
2175	0
2176	156.384
2177	380.384
2178	95.1142
2179	0
2180	0
2181	36.5387
2182	0
2183	0
2184	164.597
2185	94.1235
2186	36.0206
2187	116.343
2188	0.131707
2189	562.244
2190	149.749
2191	26.8845
2192	205.701
2193	562.244
2194	35.4034
2195	143.09
2196	422.843
2197	0
2198	142.925
2199	24.8715
2200	1.38385
2201	0.0708889
2202	325.062
2203	22.3198
2204	268.298
2205	17.4215
2206	0
2207	0
2208	182.74
2209	0
2210	0
2211	0
2212	0
2213	13.1085
2214	39.7792
2215	33.4607
2216	51.2279
2217	392.767
2218	0
2219	0
2220	17.4341
2221	0.0737002
2222	336.194
2223	73.0508
2224	238.168
2225	164.02
2226	14.5191
2227	140.246
2228	140.246
2229	434.133
2230	4.42605
2231	0
2232	57.3425
2233	24.2901
2234	360.166
2235	37.7953
2236	368.406
2237	239.087
2238	37.2174
2239	8.03544
2240	0
2241	368.406
2242	8.74132
2243	176.015
2244	56.3557
2245	214.663
2246	148.423
2247	0
2248	294.304
2249	385.225
2250	282.514
2251	0
2252	85.6046
2253	85.6953
2254	0
2255	38.5136
2256	0.482373
2257	253.622
2258	34.1675
2259	0
2260	0
2261	190.087
2262	259.562
2263	35.7707
2264	569.704
2265	114.411
2266	60.637
2267	0
2268	139.205
2269	193.36
2270	0
2271	0
2272	28.1098
2273	211.314
2274	133.323
2275	119.572
2276	239.333
2277	0
2278	46.481
2279	0
2280	140.3
2281	236.243
2282	0
2283	0
2284	107.815
2285	0
2286	161.96
2287	0
2288	14.4805
2289	38.1109
2290	69.602
2291	29.3901
2292	166.847
2293	84.0096
2294	30.3568
2295	0
2296	4.20311
2297	128.904
2298	5.62047
2299	0
2300	172.168
2301	67.9339
2302	217.717
2303	6.28097
2304	276.758
2305	0
2306	0
2307	67.8645
2308	67.8645
2309	0
2310	0
2311	43.5566
2312	199.162
2313	183.654
2314	53.1242
2315	39.7329
2316	0
2317	8.07744
2318	134.084
2319	141.152
2320	92.2661
2321	0
2322	0
2323	10.3572
2324	10.3572
2325	65.1271
2326	44.7388
2327	2.28802
2328	884.365
2329	98.8001
2330	304.205
2331	240.924
2332	0
2333	0
2334	134.257
2335	8.02909
2336	0.098637
2337	60.0243
2338	460.188
2339	0
2340	312.257
2341	0
2342	31.0182
2343	123.528
2344	87.0891
2345	0
2346	0
2347	0
2348	186.524
2349	58.1568
2350	44.7388
2351	64.2934
2352	690.781
2353	0
2354	76.8026
2355	88.7766
2356	28.2485
2357	112.714
2358	163.857
2359	215.836
2360	4.34241
2361	8.98421
2362	0
2363	53.2174
2364	0
2365	304.967
2366	76.5572
2367	231.842
2368	0
2369	0
2370	71.4738
2371	72.82
2372	180.338
2373	197.779
2374	63.6823
2375	0
2376	7.96946
2377	84.4483
2378	77.3451
2379	124.205
2380	0
2381	48.8246
2382	29.0997
2383	37.1544
2384	40.7023
2385	0
2386	519.646
2387	0
2388	519.646
2389	0
2390	0
2391	54.4989
2392	322.265
2393	2.80366
2394	133.576
2395	171.811
2396	3.99287
2397	76.4394
2398	45.6126
2399	130.535
2400	206.842
2401	0
2402	121.509
2403	73.5316
2404	26.0591
2405	147.725
2406	100.789
2407	0
2408	126.764
2409	519.983
2410	0
2411	634.12
2412	31.3062
2413	230.6
2414	0
2415	2.10212
2416	186.895
2417	249.85
2418	477.791
2419	267.655
2420	121.147
2421	0
2422	122.987
2423	0
2424	0
2425	65.7613
2426	52.4775
2427	77.6761
2428	94.8391
2429	57.7239
2430	0.121137
2431	280.528
2432	22.7317
2433	87.9614
2434	55.1313
2435	0
2436	0
2437	92.7225
2438	99.912
2439	262.496
2440	3.0557
2441	0
2442	0
2443	0
2444	0
2445	10.2555
2446	0.0303741
2447	87.9576
2448	62.2303
2449	61.5666
2450	0
2451	197.053
2452	382.565
2453	114.432
2454	0
2455	352.103
2456	211.336
2457	0
2458	3.50537
2459	0
2460	191.451
2461	79.2049
2462	95.0683
2463	0
2464	146.675
2465	127.234
2466	260.443
2467	137.323
2468	61.1281
2469	29.8569
2470	137.226
2471	219.478
2472	68.1856
2473	257.123
2474	142.771
2475	0
2476	75.6951
2477	87.6723
2478	0
2479	0
2480	0
2481	0
2482	57.2378
2483	187.951
2484	256.527
2485	3.13109
2486	39.2394
2487	41.3237
2488	115.842
2489	347.208
2490	170.85
2491	0
2492	0
2493	11.5265
2494	0
2495	11.8689
2496	51.0989
2497	8.46243
2498	41.3237
2499	0
2500	86.2358
2501	125.787
2502	46.6123
2503	22.4404
2504	7.27898
2505	145.886
2506	138.206
2507	0
2508	37.8803
2509	87.1297
2510	43.3451
2511	202.593
2512	79.835
2513	0
2514	371.393
2515	184.311
2516	127.788
2517	0
2518	0.0083707
2519	63.9923
2520	417.272
2521	0
2522	0
2523	0
2524	237.53
2525	179.677
2526	2.13178
2527	7.44326
2528	118.573
2529	145.886
2530	0
2531	203.187
2532	3.16942
2533	138.383
2534	105.797
2535	387.204
2536	134.698
2537	57.5381
2538	118.573
2539	0
2540	131.865
2541	0
2542	3.16942
2543	27.4408
2544	0
2545	0
2546	124.387
2547	114.248
2548	123.301
2549	94.9249
2550	252.783
2551	87.5249
2552	114.248
2553	102.829
2554	0
2555	0
2556	134.175
2557	0
2558	94.2708
2559	0
2560	326.75
2561	366.696
2562	16.6439
2563	97.8153
2564	102.107
2565	35.1539
2566	102.107
2567	232.276
2568	0
2569	70.7569
2570	70.7569
2571	169.752
2572	169.752
2573	14.3942
2574	0
2575	0
2576	0
2577	310.547
2578	7.76075
2579	359.265
2580	0
2581	0
2582	0
2583	8.27026
2584	257.505
2585	42.8519
2586	74.7042
2587	11.1813
2588	148.555
2589	0
2590	62.8292
2591	279.661
2592	0
2593	0
2594	225.148
2595	0
2596	38.0716
2597	279.398
2598	38.9913
2599	0
2600	190.332
2601	98.9797
2602	102.999
2603	6.45161
2604	51.8402
2605	43.4127
2606	3.76263
2607	5.87878
2608	161.607
2609	517.214
2610	129.945
2611	117.434
2612	90.7115
2613	66.8857
2614	479.899
2615	78.847
2616	178.536
2617	133.112
2618	74.4821
2619	177.114
2620	87.4052
2621	0
2622	286.382
2623	17.0963
2624	0.942109
2625	226.295
2626	0
2627	79.0494
2628	245.042
2629	68.6225
2630	95.436
2631	0
2632	338.727
2633	0
2634	21.8859
2635	32.8203
2636	120.223
2637	0
2638	0
2639	0
2640	0.640454
2641	82.6073
2642	0
2643	368.847
2644	113.383
2645	190.25
2646	430.806
2647	215.916
2648	0
2649	0
2650	8.95055
2651	225.227
2652	0
2653	0
2654	173.813
2655	191.72
2656	0
2657	0
2658	0
2659	423.31
2660	423.202
2661	167.243
2662	678.13
2663	0
2664	99.3304
2665	123.299
2666	0
2667	62.9633
2668	5.74217
2669	5.74217
2670	231.064
2671	72.8416
2672	48.8527
2673	78.4158
2674	131.627
2675	35.2718
2676	0.0174997
2677	175.816
2678	117.462
2679	2.58119
2680	803.055
2681	204.875
2682	303.305
2683	130.941
2684	0
2685	233.999
2686	233.999
2687	179.508
2688	11.1587
2689	107.11
2690	270.008
2691	217.976
2692	0
2693	31.2454
2694	202.273
2695	58.9548
2696	151.711
2697	0
2698	7.3029
2699	0
2700	35.769
2701	31.6133
2702	325.667
2703	0
2704	230.609
2705	1.38972
2706	0
2707	0
2708	0
2709	32.5886
2710	170.466
2711	366.189
2712	355.766
2713	287.306
2714	212.392
2715	0
2716	0
2717	0
2718	0
2719	0
2720	0
2721	146.037
2722	85.5972
2723	4.37597
2724	218.403
2725	0.214245
2726	3.56588
2727	236.815
2728	0
2729	0
2730	50.6267
2731	244.657
2732	205.783
2733	0
2734	0
2735	0.280618
2736	0
2737	239.221
2738	0
2739	0
2740	159.782
2741	0
2742	148.176
2743	569.265
2744	268.123
2745	268.123
2746	268.123
2747	247.377
2748	35.3539
2749	168.494
2750	72.2191
2751	67.2733
2752	405.888
2753	9.98145
2754	256.53
2755	0
2756	235.361
2757	0
2758	80.917
2759	368.816
2760	119.915
2761	0
2762	174.366
2763	102.717
2764	199.977
2765	191.841
2766	123.938
2767	0.828196
2768	47.7066
2769	67.1937
2770	0
2771	152.203
2772	93.8285
2773	258.759
2774	23.3734
2775	93.8285
2776	26.4487
2777	0
2778	0
2779	0
2780	33.6875
2781	494.037
2782	398.398
2783	21.3099
2784	22.427
2785	0
2786	55.3321
2787	0
2788	71.4811
2789	67.5679
2790	38.6905
2791	13.7214
2792	245.759
2793	130.296
2794	310.107
2795	57.9305
2796	0
2797	102.557
2798	0
2799	185.486
2800	26.4277
2801	158.923
2802	0.876236
2803	15.3169
2804	0
2805	233.755
2806	416.465
2807	448.39
2808	0
2809	1.57661
2810	0
2811	32.4442
2812	47.7665
2813	0
2814	267.928
2815	0
2816	144.407
2817	82.9302
2818	219.564
2819	250.993
2820	0
2821	18.9969
2822	14.3509
2823	0
2824	14.3509
2825	0
2826	0
2827	0
2828	0
2829	469.121
2830	73.1379
2831	0
2832	0
2833	259.973
2834	0.0280354
2835	47.6583
2836	259.973
2837	47.3355
2838	113.337
2839	0
2840	0.255503
2841	81.668
2842	9.96046
2843	0
2844	18.816
2845	5.25409
2846	0
2847	15.3245
2848	73.6498
2849	124.154
2850	124.154
2851	372.198
2852	0
2853	384.993
2854	134.34
2855	46.0697
2856	1.13199
2857	153.095
2858	429.223
2859	0
2860	113.045
2861	15.4497
2862	36.9304
2863	113.045
2864	134.316
2865	15.4497
2866	0
2867	3.34946
2868	144.361
2869	0
2870	100.621
2871	0
2872	86.9735
2873	255.902
2874	80.6509
2875	55.3956
2876	109.797
2877	99.2426
2878	99.2426
2879	1.22931
2880	548.365
2881	0
2882	0
2883	0
2884	0
2885	39.9517
2886	0.0261314
2887	0
2888	99.2426
2889	227.395
2890	82.1965
2891	135.296
2892	226.242
2893	36.1551
2894	0
2895	117.341
2896	51.0595
2897	30.1041
2898	170.018
2899	49.9216
2900	8.12211
2901	0
2902	194.754
2903	193.839
2904	27.1291
2905	60.9108
2906	75.5573
2907	0
2908	215.694
2909	0
2910	294.5
2911	0
2912	0
2913	169.683
2914	0
2915	212.871
2916	64.4356
2917	262.432
2918	219.331
2919	272.412
2920	0
2921	0
2922	0
2923	16.4926
2924	0
2925	0
2926	0
2927	1.92844
2928	0.172288
2929	49.5849
2930	0
2931	189.626
2932	0
2933	57.5714
2934	163.834
2935	21.2242
2936	0
2937	21.2242
2938	0
2939	12.7569
2940	299.326
2941	83.046
2942	245.488
2943	189.757
2944	158.818
2945	0
2946	185.909
2947	0
2948	15.9955
2949	0
2950	0
2951	66.5524
2952	4.29687
2953	0
2954	0
2955	21.8061
2956	28.0659
2957	0.289651
2958	182.404
2959	111.883
2960	62.6994
2961	266.645
2962	57.5626
2963	9.0861
2964	0.362646
2965	0
2966	123.281
2967	323.857
2968	214.497
2969	32.2012
2970	105.182
2971	9.20438
2972	0
2973	29.2622
2974	281.745
2975	154.969
2976	90.9394
2977	94.6054
2978	209.046
2979	8.96282
2980	94.6054
2981	10.7503
2982	0
2983	75.0254
2984	6.66454
2985	0
2986	167.532
2987	204.276
2988	30.5329
2989	0
2990	0
2991	0
2992	198.897
2993	190.051
2994	0
2995	98.2519
2996	225.961
2997	30.2587
2998	0.150334
2999	98.7622
3000	0
3001	401.598
3002	60.7109
3003	94.0812
3004	0
3005	75.9218
3006	0
3007	0
3008	0.0212501
3009	85.3578
3010	0
3011	0
3012	0
3013	0
3014	82.0327
3015	1.66895
3016	0.0569898
3017	77.6584
3018	267.691
3019	217.722
3020	197.814
3021	134.576
3022	28.2035
3023	17.1554
3024	0
3025	0
3026	43.8138
3027	45.7445
3028	39.0988
3029	178.103
3030	11.688
3031	0
3032	101.467
3033	90.4671
3034	0
3035	172.188
3036	111.087
3037	131.833
3038	49.074
3039	131.798
3040	0
3041	77.8494
3042	175.596
3043	354.628
3044	328.3
3045	0
3046	123.245
3047	78.2665
3048	86.7559
3049	0
3050	0
3051	62.1397
3052	133.531
3053	0
3054	56.215
3055	0
3056	190.848
3057	12.087
3058	79.3877
3059	79.3877
3060	0
3061	0
3062	0
3063	0
3064	0
3065	0
3066	174.674
3067	0
3068	0
3069	28.8947
3070	0
3071	133.21
3072	0
3073	25.6764
3074	11.3998
3075	20.4192
3076	0
3077	0
3078	0
3079	0
3080	35.62
3081	0
3082	109.755
3083	0
3084	154.776
3085	242.96
3086	0
3087	0
3088	0
3089	53.9973
3090	147.688
3091	0.96864
3092	82.6572
3093	74.6455
3094	56.7134
3095	224.349
3096	63.7003
3097	61.4319
3098	26.95
3099	234.788
3100	136.904
3101	0
3102	166.637
3103	212.826
3104	81.0113
3105	223.652
3106	0.680559
3107	0
3108	616.621
3109	231.541
3110	113.174
3111	76.6598
3112	101.966
3113	9.61039
3114	12.516
3115	350.4
3116	0
3117	14.2071
3118	36.2673
3119	7.72719
3120	0
3121	0
3122	43.8644
3123	170.527
3124	2.43949
3125	301.213
3126	106.355
3127	117.304
3128	236.274
3129	397.66
3130	60.187
3131	214.371
3132	20.7848
3133	40.439
3134	0
3135	163.466
3136	0
3137	0
3138	0
3139	0
3140	0
3141	17.4323
3142	20.2095
3143	525.165
3144	0
3145	0
3146	191.233
3147	28.4842
3148	0
3149	0
3150	360.203
3151	159.458
3152	0
3153	66.2079
3154	42.0921
3155	10.5244
3156	0
3157	93.8127
3158	244.745
3159	159.846
3160	95.71
3161	0
3162	265.31
3163	147.254
3164	0
3165	32.5412
3166	53.5681
3167	46.5426
3168	55.1713
3169	242.019
3170	166.535
3171	62.3827
3172	79.2694
3173	0
3174	95.5579
3175	0
3176	74.1146
3177	52.5176
3178	0
3179	63.0084
3180	254.906
3181	369.583
3182	41.3668
3183	0
3184	12.5247
3185	0
3186	773.717
3187	32.3447
3188	23.4977
3189	3.23695
3190	137.215
3191	86.9849
3192	283.712
3193	0
3194	59.2801
3195	184.83
3196	21.8027
3197	0
3198	111.77
3199	0
3200	159.177
3201	28.8074
3202	21.2531
3203	0
3204	252.331
3205	43.9608
3206	0.444699
3207	181.069
3208	67.9948
3209	0
3210	138.289
3211	0
3212	0
3213	435.167
3214	92.0228
3215	61.0032
3216	218.818
3217	0
3218	56.9484
3219	0
3220	0
3221	176.322
3222	248.799
3223	395.156
3224	154.482
3225	31.2356
3226	0
3227	555.654
3228	163.785
3229	123.373
3230	7.98586
3231	2.01457
3232	28.6572
3233	80.5718
3234	71.0151
3235	0
3236	140.779
3237	18.3005
3238	1.25497
3239	547.257
3240	306.102
3241	74.059
3242	116.141
3243	43.8616
3244	87.15
3245	0
3246	0
3247	0
3248	10.9521
3249	413.132
3250	0
3251	504.626
3252	0
3253	0
3254	0
3255	61.2916
3256	180.029
3257	30.7206
3258	178.373
3259	166.161
3260	144.284
3261	85.8214
3262	184.856
3263	0
3264	0
3265	23.2784
3266	0
3267	48.6291
3268	141.314
3269	105.552
3270	223.555
3271	257.005
3272	0
3273	0
3274	131.555
3275	97.1611
3276	4.38026
3277	603.118
3278	0
3279	0.798102
3280	21.212
3281	0
3282	187.078
3283	100.626
3284	0.0235451
3285	19.4027
3286	0
3287	48.5999
3288	0
3289	207.287
3290	1.47686
3291	208.392
3292	0
3293	47.7909
3294	0
3295	160.6
3296	0
3297	84.8507
3298	71.3414
3299	23.8918
3300	164.484
3301	223.214
3302	91.2108
3303	0
3304	0
3305	343.683
3306	259.753
3307	771.789
3308	0
3309	201.276
3310	163.234
3311	0
3312	62.601
3313	17.1
3314	38.755
3315	4.35515
3316	473.319
3317	171.867
3318	65.0433
3319	0
3320	2.18622
3321	0
3322	0
3323	211.997
3324	14.0316
3325	0
3326	189.356
3327	19.2419
3328	419.835
3329	0.0492923
3330	0
3331	340.858
3332	33.2286
3333	764.625
3334	75.4993
3335	0
3336	2.27936
3337	152.187
3338	0
3339	127.439
3340	16.1831
3341	247.054
3342	67.0506
3343	46.8659
3344	163.532
3345	63.2143
3346	93.2138
3347	450.446
3348	0
3349	217.247
3350	0
3351	79.2124
3352	138.217
3353	0
3354	0
3355	99.1733
3356	0
3357	314.403
3358	30.3705
3359	34.1768
3360	52.4883
3361	365.72
3362	115.657
3363	204.167
3364	0
3365	39.0709
3366	16.3188
3367	170.83
3368	181.989
3369	65.8232
3370	113.572
3371	6.47526
3372	80.5405
3373	112.015
3374	0
3375	314.26
3376	0
3377	2.33311
3378	51.2678
3379	166.231
3380	0
3381	0
3382	0
3383	182.952
3384	402.922
3385	33.8432
3386	46.2206
3387	0
3388	0
3389	0
3390	44.6183
3391	0
3392	73.3009
3393	144.224
3394	101.349
3395	24.9622
3396	136.484
3397	492.002
3398	15.9897
3399	68.8541
3400	258.488
3401	74.2782
3402	119.261
3403	147.045
3404	0
3405	0
3406	116.383
3407	13.7146
3408	20.749
3409	476.666
3410	0
3411	239.454
3412	49.9702
3413	0
3414	0
3415	65.5902
3416	0.0510729
3417	0
3418	270.642
3419	276.737
3420	37.0229
3421	68.7457
3422	13.4568
3423	0
3424	0
3425	247.565
3426	38.8618
3427	34.6736
3428	88.8104
3429	130.611
3430	222.015
3431	66.1824
3432	0
3433	0
3434	119.518
3435	0
3436	82.164
3437	0
3438	66.9296
3439	285.458
3440	57.6586
3441	6.07324
3442	19.6588
3443	0
3444	0
3445	8.85504
3446	162.524
3447	0
3448	0
3449	457.334
3450	0
3451	29.2782
3452	46.8849
3453	0
3454	0
3455	552.176
3456	0
3457	95.604
3458	125.351
3459	265.645
3460	72.3841
3461	323.118
3462	35.5369
3463	330.597
3464	112.545
3465	3.39801
3466	8.52237
3467	193.323
3468	0
3469	0
3470	173.191
3471	13.2034
3472	157.427
3473	210.382
3474	0
3475	0
3476	95.8289
3477	0
3478	55.3722
3479	36.5449
3480	24.8791
3481	41.2684
3482	233.343
3483	0
3484	83.8918
3485	149.929
3486	0
3487	120.216
3488	173.59
3489	0
3490	89.8119
3491	12.0965
3492	156.646
3493	0
3494	173.031
3495	122.133
3496	204.585
3497	0
3498	48.4747
3499	0
3500	205.648
3501	90.1028
3502	9.54106
3503	69.6901
3504	17.2556
3505	35.3432
3506	57.4168
3507	205.37
3508	0
3509	179.597
3510	190.724
3511	315.912
3512	181.666
3513	0
3514	0
3515	75.1197
3516	173.687
3517	0
3518	0
3519	0
3520	0
3521	40.2927
3522	501.564
3523	96.5764
3524	72.0683
3525	548.848
3526	0
3527	138.732
3528	102.565
3529	0
3530	152.871
3531	255.781
3532	0
3533	0
3534	0
3535	34.9476
3536	24.7556
3537	34.8311
3538	0
3539	289.024
3540	71.4151
3541	0.0176323
3542	128.447
3543	191.944
3544	8.01787
3545	0
3546	89.254
3547	224.867
3548	37.2966
3549	80.7668
3550	251.565
3551	224.763
3552	411.048
3553	0
3554	0
3555	43.3598
3556	0
3557	232.153
3558	104.016
3559	209.191
3560	32.0293
3561	3.89689
3562	92.8555
3563	43.4702
3564	13.0273
3565	0
3566	95.3527
3567	52.5749
3568	233.154
3569	0
3570	0
3571	10.6592
3572	77.23
3573	0
3574	17.8596
3575	0
3576	175.743
3577	0
3578	0
3579	0
3580	239.611
3581	628.111
3582	0
3583	70.1751
3584	0
3585	175.923
3586	61.455
3587	15.4399
3588	132.398
3589	148.972
3590	56.5304
3591	255.177
3592	76.9555
3593	0
3594	224.217
3595	24.828
3596	128.443
3597	173.796
3598	95.0052
3599	110.219
3600	10.2075
3601	0
3602	53.231
3603	40.3287
3604	9.56417
3605	209.247
3606	0
3607	133.554
3608	0
3609	507.685
3610	81.5733
3611	0
3612	0.505651
3613	0
3614	60.741
3615	190.562
3616	300.29
3617	16.4497
3618	179.232
3619	0
3620	445.71
3621	67.5967
3622	0
3623	0
3624	0
3625	202.674
3626	145.045
3627	192.725
3628	65.5222
3629	188.247
3630	358.917
3631	365.637
3632	0
3633	155.532
3634	0
3635	211.873
3636	64.8158
3637	197.319
3638	161.957
3639	58.4433
3640	0
3641	38.3631
3642	7.35253
3643	2.32104
3644	18.2761
3645	126.214
3646	7.46059
3647	36.9475
3648	167.225
3649	136.089
3650	0
3651	172.852
3652	0
3653	0.0170981
3654	350.563
3655	130.619
3656	0.195324
3657	28.9224
3658	44.885
3659	571.817
3660	120.063
3661	416.827
3662	0
3663	80.9525
3664	0
3665	140.226
3666	7.15876
3667	205.829
3668	72.011
3669	142.259
3670	90.9445
3671	0
3672	291.159
3673	86.6715
3674	106.517
3675	0
3676	152.878
3677	40.5625
3678	25.6649
3679	125.725
3680	402.285
3681	222.597
3682	58.9191
3683	65.4777
3684	0
3685	198.224
3686	0
3687	74.4006
3688	53.057
3689	24.5928
3690	138.173
3691	690.011
3692	0
3693	253.197
3694	210.319
3695	55.1089
3696	24.9213
3697	270.094
3698	0
3699	0
3700	419.638
3701	177.713
3702	0
3703	214.879
3704	28.6376
3705	81.3706
3706	0
3707	274.117
3708	0
3709	343.09
3710	33.4699
3711	114.532
3712	0
3713	0
3714	0
3715	199.568
3716	0
3717	128.845
3718	82.9145
3719	281.574
3720	644.623
3721	419.502
3722	140.542
3723	182.615
3724	49.6634
3725	200.415
3726	144.577
3727	39.8471
3728	205.601
3729	289.751
3730	0
3731	1.23641
3732	157.21
3733	0
3734	0
3735	232.971
3736	0
3737	8.56912
3738	0
3739	115.404
3740	28.2169
3741	49.5971
3742	0
3743	102.505
3744	217.432
3745	0
3746	294.882
3747	158.788
3748	0
3749	640.434
3750	139.064
3751	2.6018
3752	301.472
3753	0
3754	14.0455
3755	317.899
3756	0
3757	7.82425
3758	0
3759	0
3760	0
3761	120.354
3762	78.5023
3763	72.4381
3764	0
3765	258.542
3766	141.524
3767	40.8033
3768	171.92
3769	203.384
3770	74.2632
3771	610.738
3772	0
3773	0.0740815
3774	0
3775	111.732
3776	180.943
3777	110.522
3778	0.786465
3779	56.3125
3780	0
3781	137.911
3782	502.286
3783	60.0795
3784	139.448
3785	0.391104
3786	154.732
3787	0
3788	78.6846
3789	371.23
3790	123.974
3791	73.0411
3792	131.069
3793	15.5159
3794	103.592
3795	12.8882
3796	0.064595
3797	9.87809
3798	0
3799	0
3800	178.257
3801	63.8453
3802	0
3803	514.99
3804	35.9712
3805	19.0859
3806	259.535
3807	0
3808	1.23574
3809	0
3810	0
3811	209.643
3812	92.0303
3813	272.92
3814	131.01
3815	2.86347
3816	0
3817	50.1706
3818	0
3819	40.2359
3820	80.5621
3821	0
3822	102.305
3823	238.32
3824	0
3825	66.0698
3826	105.291
3827	77.5826
3828	0
3829	0
3830	0
3831	113.591
3832	169.194
3833	0
3834	0
3835	15.8389
3836	204.362
3837	0
3838	147.663
3839	54.5262
3840	74.9442
3841	229.27
3842	241.372
3843	283.26
3844	36.8083
3845	220.101
3846	54.8139
3847	243.322
3848	25.8685
3849	193.093
3850	0.0318161
3851	73.7926
3852	0
3853	13.4307
3854	275.317
3855	459.703
3856	42.1393
3857	0
3858	46.0566
3859	0
3860	0
3861	0
3862	81.3409
3863	40.277
3864	191.486
3865	41.304
3866	160.474
3867	0
3868	0
3869	23.6532
3870	41.324
3871	0
3872	56.2391
3873	0
3874	189.446
3875	0
3876	16.0028
3877	53.906
3878	0
3879	0
3880	396.632
3881	119.319
3882	1.58944
3883	0
3884	173.599
3885	235.246
3886	283.31
3887	39.4588
3888	139.959
3889	41.3801
3890	173.806
3891	0
3892	318.394
3893	0.0336098
3894	1.34792
3895	55.6959
3896	111.048
3897	0
3898	0
3899	159.029
3900	3.38618
3901	36.2699
3902	562.557
3903	51.5402
3904	45.4891
3905	6.54691
3906	175.479
3907	121.66
3908	121.66
3909	154.499
3910	0
3911	0
3912	50.8508
3913	244.276
3914	198.341
3915	85.7064
3916	0
3917	102.851
3918	226.799
3919	52.5655
3920	220.08
3921	0.233522
3922	10.9605
3923	263.621
3924	6.12826
3925	69.567
3926	271.722
3927	0.579879
3928	62.5368
3929	233.847
3930	374.547
3931	68.7642
3932	59.6009
3933	0
3934	39.055
3935	0
3936	0
3937	0
3938	3.98742
3939	158.466
3940	114.174
3941	65.5416
3942	169.147
3943	88.7666
3944	186.302
3945	0
3946	0.0319898
3947	25.6882
3948	470.378
3949	142.595
3950	0
3951	227.073
3952	0
3953	46.3951
3954	241.143
3955	143.849
3956	0
3957	171.341
3958	0
3959	363.429
3960	52.6673
3961	0
3962	55.3006
3963	5.60738
3964	63.7164
3965	130.157
3966	312.767
3967	414.333
3968	15.8543
3969	130.603
3970	381.043
3971	472.231
3972	251.573
3973	177.671
3974	251.573
3975	0
3976	0
3977	260.272
3978	74.9924
3979	0
3980	74.9924
3981	69.3333
3982	14.9277
3983	141.276
3984	0
3985	173.664
3986	0
3987	7.19093
3988	386.432
3989	778.2
3990	254.799
3991	91.9218
3992	88.3178
3993	231.717
3994	16.5688
3995	0
3996	235.089
3997	32.6025
3998	31.3354
3999	56.4767
4000	391.896
4001	5.38505
4002	39.9384
4003	24.0467
4004	93.6217
4005	197.092
4006	52.6674
4007	0
4008	0
4009	157.463
4010	0
4011	0
4012	0
4013	0
4014	212.374
4015	0
4016	174.495
4017	0
4018	97.4954
4019	180.117
4020	180.117
4021	184.985
4022	0
4023	21.5921
4024	18.4321
4025	10.9115
4026	0
4027	72.5213
4028	21.8785
4029	29.7561
4030	0
4031	162.477
4032	59.8731
4033	27.6315
4034	80.5316
4035	150.982
4036	150.982
4037	0
4038	13.1561
4039	150.982
4040	0
4041	57.7395
4042	94.6242
4043	112.759
4044	163.099
4045	157.827
4046	263.308
4047	19.2658
4048	146.537
4049	0
4050	0
4051	36.7157
4052	430.621
4053	0
4054	460.734
4055	165.441
4056	87.5959
4057	0
4058	0
4059	78.5777
4060	0
4061	60.9734
4062	0
4063	0
4064	76.2188
4065	0
4066	53.1922
4067	32.096
4068	34.2436
4069	10.341
4070	0
4071	47.3131
4072	191.42
4073	0
4074	254.515
4075	60.9734
4076	0.0182278
4077	0
4078	46.7958
4079	31.4007
4080	4.82788
4081	16.028
4082	0
4083	93.8943
4084	67.8014
4085	278.213
4086	86.6145
4087	0
4088	0
4089	479.272
4090	113.054
4091	270.73
4092	43.9491
4093	68.6577
4094	45.6621
4095	159.988
4096	278.985
4097	4.51871
4098	187.603
4099	344.311
4100	69.487
4101	53.6811
4102	349.427
4103	337.579
4104	299.268
4105	112.284
4106	0
4107	0
4108	0
4109	0
4110	0.555435
4111	163.821
4112	54.792
4113	0
4114	56.3971
4115	25.7695
4116	388.275
4117	248.322
4118	4.40774
4119	175.396
4120	32.5496
4121	0
4122	181.183
4123	0.186694
4124	168.119
4125	152.212
4126	39.2323
4127	46.6318
4128	30.8485
4129	0
4130	55.3982
4131	8.38907
4132	28.6051
4133	0
4134	48.3335
4135	51.8747
4136	140.14
4137	0
4138	61.5492
4139	78.0427
4140	136.831
4141	168.119
4142	2.96111
4143	0
4144	297.828
4145	0
4146	41.6267
4147	0
4148	393.98
4149	0
4150	257.494
4151	656.595
4152	229.309
4153	155.644
4154	0
4155	0
4156	60.822
4157	0
4158	61.4622
4159	283.792
4160	0
4161	265.65
4162	0
4163	146.347
4164	0
4165	11.0066
4166	47.0088
4167	76.8342
4168	23.4317
4169	134.82
4170	236.172
4171	9.98196
4172	4.23208
4173	2.96606
4174	2.72922
4175	169.205
4176	206.167
4177	31.8885
4178	127.804
4179	233.55
4180	87.8098
4181	85.676
4182	313.014
4183	0
4184	240.765
4185	232.237
4186	506.635
4187	60.6522
4188	137.564
4189	0.468013
4190	0
4191	91.5389
4192	0
4193	202.311
4194	20.8937
4195	30.5098
4196	185.888
4197	3.23689
4198	67.7412
4199	31.1727
4200	0
4201	27.2426
4202	70.9406
4203	91.2059
4204	72.1352
4205	6.25687
4206	0
4207	0
4208	0
4209	0
4210	110.169
4211	107.46
4212	0
4213	51.3002
4214	245.189
4215	26.1402
4216	16.8182
4217	0
4218	0
4219	18.6637
4220	0
4221	194.36
4222	0
4223	56.5749
4224	281.63
4225	30.8418
4226	203.581
4227	0
4228	0
4229	36.7774
4230	0
4231	158.213
4232	0
4233	0
4234	47.6766
4235	10.4152
4236	373.652
4237	0
4238	83.9513
4239	260.085
4240	0.0504284
4241	185.683
4242	113.108
4243	8.98951
4244	80.6932
4245	51.8102
4246	1.16199
4247	0
4248	0
4249	329.405
4250	0
4251	0
4252	193.172
4253	0
4254	0
4255	0
4256	0
4257	0
4258	22.8519
4259	57.165
4260	227.99
4261	0
4262	0
4263	0
4264	0
4265	138.951
4266	0
4267	0
4268	75.0855
4269	112.837
4270	380.396
4271	90.8793
4272	143.75
4273	483.288
4274	0
4275	227.107
4276	0
4277	0
4278	151.097
4279	0
4280	71.7067
4281	0
4282	33.7564
4283	0
4284	0
4285	146.873
4286	53.6196
4287	0
4288	0
4289	187.78
4290	409.496
4291	0
4292	681.594
4293	231.022
4294	54.0208
4295	8.20269
4296	200.384
4297	0
4298	0
4299	0
4300	30.897
4301	105.783
4302	0
4303	7.45377
4304	0
4305	0
4306	254.403
4307	207.943
4308	208.185
4309	9.62313
4310	0
4311	113.975
4312	6.0604
4313	0
4314	93.7618
4315	0
4316	271.855
4317	210.768
4318	28.4722
4319	23.6593
4320	19.0499
4321	0
4322	143.553
4323	143.553
4324	38.5581
4325	158.99
4326	0
4327	0
4328	0
4329	0.094372
4330	120.189
4331	5.65175
4332	222.971
4333	0.399498
4334	147.587
4335	0
4336	214.008
4337	107.11
4338	197.577
4339	0
4340	242.986
4341	123.433
4342	70.0176
4343	0
4344	0
4345	208.462
4346	242.986
4347	0
4348	141.813
4349	0
4350	167.819
4351	199.567
4352	133.822
4353	0
4354	80.1619
4355	34.6897
4356	0
4357	107.82
4358	0
4359	55.4172
4360	99.9266
4361	36.427
4362	93.9142
4363	220.415
4364	1.45747
4365	298.942
4366	0
4367	37.5303
4368	215.359
4369	12.2825
4370	0
4371	215.359
4372	12.2825
4373	81.5044
4374	118.402
4375	0
4376	12.1718
4377	0.562393
4378	87.8321
4379	0
4380	175.247
4381	0
4382	0
4383	16.4795
4384	0
4385	43.9598
4386	0.257881
4387	0
4388	178.604
4389	71.6312
4390	171.938
4391	19.3663
4392	0
4393	98.7265
4394	90.5492
4395	435.503
4396	85.3517
4397	144.152
4398	384.361
4399	0
4400	0
4401	0
4402	241.782
4403	11.6562
4404	13.8693
4405	0
4406	81.2099
4407	0
4408	128.76
4409	0
4410	3.92752
4411	0
4412	0
4413	0
4414	0
4415	73.4213
4416	0
4417	107.923
4418	573.136
4419	94.666
4420	984.522
4421	397.885
4422	0
4423	397.885
4424	145.784
4425	0
4426	55.1596
4427	0
4428	84.9094
4429	0
4430	0
4431	0
4432	77.4483
4433	81.547
4434	92.194
4435	0
4436	0
4437	373.432
4438	1.92225
4439	113.575
4440	0
4441	0
4442	0.0493385
4443	189.893
4444	14.7307
4445	150.67
4446	409.795
4447	191.006
4448	14.6952
4449	0
4450	46.2181
4451	186.475
4452	222.725
4453	214.192
4454	13.6083
4455	0
4456	46.8117
4457	166.182
4458	0.821883
4459	0
4460	210.508
4461	0
4462	158.371
4463	0
4464	4.82948
4465	0
4466	0
4467	170.681
4468	24.6703
4469	0
4470	0.540512
4471	0
4472	32.2031
4473	0
4474	0.0450626
4475	21.2806
4476	579.816
4477	0
4478	351.402
4479	99.7086
4480	0
4481	183.799
4482	117.168
4483	0
4484	10.9022
4485	67.5683
4486	75.2345
4487	183.799
4488	457.911
4489	57.1085
4490	224.53
4491	0
4492	0
4493	84.5801
4494	47.6593
4495	124.182
4496	22.846
4497	9.12088
4498	240.866
4499	45.6905
4500	0.597821
4501	136.935
4502	0.0316802
4503	238.168
4504	281.941
4505	556.296
4506	65.5552
4507	1.27568
4508	0
4509	262.425
4510	72.8069
4511	0
4512	301.223
4513	262.425
4514	1.43844
4515	28.3681
4516	14.9549
4517	207.19
4518	0
4519	262.425
4520	0
4521	291.858
4522	104.828
4523	0
4524	0
4525	14.8424
4526	0
4527	121.173
4528	65.5836
4529	72.2024
4530	371.379
4531	213.026
4532	0
4533	0
4534	0
4535	91.5212
4536	27.1658
4537	46.0574
4538	0
4539	6.66406
4540	46.0574
4541	0
4542	0
4543	30.1571
4544	0
4545	0
4546	82.1597
4547	0
4548	10.7613
4549	0
4550	227.687
4551	0
4552	11.8033
4553	0
4554	4.2302
4555	0
4556	0
4557	0
4558	353.494
4559	0
4560	45.678
4561	0
4562	464.585
4563	104.666
4564	114.122
4565	73.3111
4566	8.47302
4567	104.666
4568	3.95793
4569	28.2466
4570	3.95793
4571	0.540108
4572	0.0136834
4573	0.0553118
4574	5.85763
4575	133.09
4576	86.6692
4577	538.894
4578	628.662
4579	103.912
4580	108.397
4581	0
4582	186.223
4583	41.5494
4584	0
4585	42.64
4586	0
4587	254.108
4588	5.51584
4589	272.816
4590	5.51584
4591	0
4592	422.513
4593	140.618
4594	10.0839
4595	46.1473
4596	38.5761
4597	0
4598	0
4599	14.784
4600	126.579
4601	372.117
4602	126.579
4603	0
4604	147.195
4605	124.614
4606	77.2935
4607	0.00964719
4608	157.338
4609	110.304
4610	61.3244
4611	0
4612	0
4613	0
4614	12.5155
4615	0
4616	119.352
4617	252.109
4618	5.48645
4619	27.0028
4620	630.85
4621	174.316
4622	44.3708
4623	277.855
4624	47.2341
4625	84.5755
4626	79.2278
4627	0
4628	35.8056
4629	87.824
4630	14.4738
4631	31.1863
4632	314.459
4633	458.729
4634	0
4635	0
4636	0.136909
4637	0
4638	0
4639	26.7171
4640	11.3222
4641	381.622
4642	53.404
4643	68.1947
4644	23.752
4645	0
4646	23.752
4647	119.374
4648	250.351
4649	130.143
4650	159.015
4651	25.0105
4652	23.752
4653	40.8414
4654	13.8677
4655	0
4656	1.15178
4657	0.0693793
4658	40.0521
4659	0
4660	60.9269
4661	131.422
4662	18.1431
4663	79.024
4664	101.156
4665	47.0698
4666	0
4667	34.2045
4668	0
4669	279.371
4670	0
4671	0
4672	257.05
4673	118.29
4674	0
4675	183.337
4676	137.628
4677	65.6295
4678	0
4679	245.566
4680	31.5522
4681	0
4682	54.4262
4683	40.9811
4684	212.71
4685	36.2789
4686	107.197
4687	48.536
4688	0
4689	0
4690	375.476
4691	0
4692	256.7
4693	172.046
4694	163.708
4695	27.5157
4696	221.982
4697	106.43
4698	62.2478
4699	226.257
4700	47.1626
4701	0
4702	2.24679
4703	164.76
4704	450.035
4705	176.286
4706	206.161
4707	446.712
4708	69.5303
4709	108.991
4710	0
4711	0
4712	0
4713	103.905
4714	51.2692
4715	83.5753
4716	237.334
4717	0
4718	0
4719	17.7468
4720	0
4721	121.969
4722	63.9072
4723	0
4724	131.249
4725	167.739
4726	36.7254
4727	0
4728	0
4729	263.92
4730	326.228
4731	0
4732	241.283
4733	196.851
4734	196.851
4735	31.501
4736	0
4737	423.664
4738	0
4739	21.441
4740	16.313
4741	0
4742	123.397
4743	51.1354
4744	43.4173
4745	0
4746	120.677
4747	0
4748	66.3548
4749	0
4750	0
4751	0
4752	116.86
4753	116.86
4754	249.477
4755	247.038
4756	0
4757	54.8538
4758	24.0678
4759	435.742
4760	100.82
4761	26.3089
4762	0
4763	201.522
4764	96.2868
4765	254.151
4766	11.3092
4767	43.0579
4768	0
4769	106.32
4770	212.379
4771	15.0152
4772	119.26
4773	267.232
4774	1.64089
4775	85.7755
4776	0
4777	175.816
4778	100.697
4779	175.816
4780	0
4781	0
4782	0
4783	0
4784	90.3758
4785	147.28
4786	243.54
4787	114.543
4788	0
4789	7.45339
4790	705.163
4791	45.3535
4792	22.3963
4793	15.2554
4794	56.2139
4795	0
4796	55.0073
4797	0.819476
4798	67.7928
4799	39.2442
4800	9.24379
4801	50.8247
4802	0
4803	0
4804	0
4805	35.311
4806	0.166467
4807	23.4182
4808	111.483
4809	313.216
4810	78.011
4811	99.396
4812	117.3
4813	0
4814	96.9802
4815	49.8762
4816	118.436
4817	27.039
4818	0
4819	0
4820	168.156
4821	16.6527
4822	0.0101725
4823	0
4824	203.126
4825	75.1074
4826	0
4827	385.111
4828	2.23853
4829	303.785
4830	93.7871
4831	97.5633
4832	51.7463
4833	154.473
4834	289.445
4835	38.0825
4836	315.573
4837	53.7315
4838	132.095
4839	60.9286
4840	0
4841	0
4842	115.847
4843	184.17
4844	0.125265
4845	0
4846	211.618
4847	0
4848	231.122
4849	0
4850	265.12
4851	0
4852	98.4916
4853	59.8091
4854	135.968
4855	0
4856	22.2596
4857	0
4858	230.314
4859	0
4860	147.727
4861	0
4862	0
4863	0
4864	4.1274
4865	235.519
4866	0
4867	0
4868	390.275
4869	0
4870	57.5662
4871	0
4872	390.275
4873	0
4874	269.314
4875	0
4876	209.315
4877	0
4878	394.037
4879	67.4133
4880	169.697
4881	180.34
4882	55.1409
4883	74.3961
4884	321.55
4885	139.163
4886	79.1984
4887	95.5712
4888	0.122192
4889	39.5003
4890	67.5339
4891	101.796
4892	95.7298
4893	128.083
4894	54.0733
4895	576.423
4896	278.397
4897	317.167
4898	583.094
4899	87.0021
4900	0
4901	0
4902	45.9884
4903	110.598
4904	539.747
4905	31.1255
4906	276.678
4907	44.9691
4908	227.475
4909	76.0308
4910	448.546
4911	11.6972
4912	108.452
4913	449.763
4914	0
4915	0
4916	0
4917	330.193
4918	72.2458
4919	0
4920	550.617
4921	203.183
4922	197.211
4923	0
4924	0
4925	182.737
4926	0
4927	117.029
4928	182.737
4929	38.5222
4930	108.452
4931	60.2134
4932	0
4933	0
4934	0
4935	155.993
4936	209.008
4937	83.5221
4938	0
4939	0
4940	186.258
4941	0
4942	0
4943	98.9922
4944	373.297
4945	87.2848
4946	0
4947	66.3385
4948	49.1844
4949	197.37
4950	511.31
4951	97.1287
4952	0
4953	48.174
4954	103.301
4955	53.4805
4956	97.1287
4957	241.845
4958	170.42
4959	165.21
4960	190.662
4961	0
4962	83.45
4963	136.565
4964	125.362
4965	325.224
4966	0
4967	5.86921
4968	42.0362
4969	2.68918
4970	0
4971	24.3849
4972	246.392
4973	46.9043
4974	77.6743
4975	76.6116
4976	525.338
4977	3.10892
4978	246.392
4979	43.5983
4980	0
4981	689.081
4982	209.565
4983	113.669
4984	0
4985	146.351
4986	254.012
4987	21.226
4988	0
4989	108.789
4990	0.0489614
4991	196.064
4992	147.469
4993	107.053
4994	41.2935
4995	106.108
4996	92.3866
4997	2.39565
4998	178.772
4999	0
5000	10.0574
5001	1.29586
5002	192.517
5003	117.288
5004	0
5005	0
5006	150.746
5007	338.335
5008	26.2822
5009	111.542
5010	0
5011	48.7449
5012	121.922
5013	1.88618
5014	82.8012
5015	15.7699
5016	82.6714
5017	360.598
5018	0
5019	0
5020	0
5021	136.559
5022	1018.33
5023	68.2941
5024	491.689
5025	0
5026	290.469
5027	16.2862
5028	15.057
5029	0
5030	22.9605
5031	310.16
5032	334.307
5033	0
5034	98.802
5035	503.606
5036	243.218
5037	34.5194
5038	77.7903
5039	141.314
5040	301.822
5041	101.961
5042	111.104
5043	0.0460557
5044	76.7229
5045	11.5706
5046	0
5047	0
5048	179.262
5049	129.237
5050	248.791
5051	0
5052	0.785874
5053	0
5054	405.346
5055	282.63
5056	13.7898
5057	405.346
5058	0
5059	0
5060	110.255
5061	8.61578
5062	96.5931
5063	235.468
5064	102.114
5065	2.86315
5066	73.0506
5067	300.535
5068	184.927
5069	55.3996
5070	203.36
5071	141.185
5072	1.87232
5073	113.277
5074	64.924
5075	124.89
5076	134.99
5077	14.5124
5078	16.0239
5079	0
5080	201.824
5081	8.7001
5082	334.294
5083	0
5084	60.429
5085	113.892
5086	6.87607
5087	7.15807
5088	52.8664
5089	113.229
5090	205.781
5091	112.38
5092	38.9458
5093	0
5094	103.25
5095	70.2126
5096	103.25
5097	299.646
5098	106.545
5099	385.677
5100	0
5101	0
5102	184.977
5103	14.5124
5104	13.0079
5105	14.3651
5106	0
5107	44.0291
5108	249.926
5109	0
5110	0
5111	0
5112	24.5403
5113	8.07533
5114	219.388
5115	0
5116	0
5117	166.224
5118	0
5119	166.224
5120	8.84944
5121	131.583
5122	0
5123	0
5124	0
5125	0
5126	100.001
5127	138.557
5128	261.136
5129	20.9678
5130	314.114
5131	179.828
5132	254.612
5133	0
5134	27.9834
5135	0
5136	553.337
5137	197.638
5138	142.558
5139	76.0529
5140	0
5141	44.5159
5142	44.5159
5143	31.1118
5144	156.009
5145	72.8691
5146	0
5147	0
5148	0
5149	134.377
5150	0
5151	0
5152	18.355
5153	249.524
5154	72.6973
5155	1.19778
5156	76.6732
5157	77.6218
5158	0
5159	188.331
5160	0
5161	0
5162	59.1274
5163	48.3397
5164	306.429
5165	257.863
5166	17.6166
5167	188.331
5168	106.877
5169	0
5170	32.3249
5171	49.9069
5172	83.3291
5173	35.4253
5174	156.415
5175	149.797
5176	127.014
5177	5.79763
5178	327.153
5179	213.117
5180	25.5789
5181	19.2023
5182	0
5183	52.6783
5184	260.661
5185	52.3175
5186	104.771
5187	106.056
5188	45.0457
5189	79.5576
5190	33.9932
5191	145.571
5192	1.5839
5193	167.442
5194	55.3955
5195	167.442
5196	76.4948
5197	0
5198	175.799
5199	0
5200	277.166
5201	90.5847
5202	196.689
5203	209.841
5204	73.5295
5205	119.376
5206	53.1107
5207	325.445
5208	76.8616
5209	37.1744
5210	122.342
5211	0
5212	0
5213	46.2638
5214	196.23
5215	65.7447
5216	0
5217	121.373
5218	59.9886
5219	65.7447
5220	0
5221	196.23
5222	160.079
5223	0
5224	150.16
5225	13.5129
5226	0
5227	36.9276
5228	51.0755
5229	0.145571
5230	109.35
5231	74.5934
5232	0
5233	0
5234	59.3635
5235	77.5554
5236	159.941
5237	0
5238	23.7256
5239	315.241
5240	211.273
5241	0
5242	0
5243	0
5244	86.0774
5245	88.5657
5246	88.5657
5247	0
5248	12.7035
5249	96.2184
5250	127.651
5251	32.1166
5252	0
5253	191.624
5254	673.523
5255	114.153
5256	0
5257	72.8621
5258	55.8444
5259	185.029
5260	64.3104
5261	62.5119
5262	161.25
5263	6.08305
5264	0
5265	0.0378707
5266	511.216
5267	28.8294
5268	134.372
5269	43.168
5270	0
5271	43.168
5272	105.423
5273	169.109
5274	0
5275	169.109
5276	0
5277	88.6071
5278	140.405
5279	679.485
5280	49.0422
5281	0
5282	0
5283	82.9894
5284	27.3407
5285	59.715
5286	110.881
5287	197.55
5288	247.668
5289	153.554
5290	96.7118
5291	0
5292	31.5237
5293	0
5294	30.5801
5295	0.240567
5296	34.4356
5297	0.240567
5298	757.609
5299	175.95
5300	8.10432
5301	777.504
5302	67.8743
5303	0
5304	415.094
5305	415.094
5306	223.916
5307	61.9177
5308	61.9177
5309	351.957
5310	0
5311	0
5312	110.586
5313	93.4146
5314	265.937
5315	180.428
5316	57.7925
5317	28.5269
5318	410.533
5319	38.8239
5320	8.74876
5321	75.9834
5322	228.751
5323	229.393
5324	0
5325	269.629
5326	9.93985
5327	30.8933
5328	242.678
5329	0
5330	53.7846
5331	173.927
5332	250.189
5333	36.0181
5334	139.899
5335	422.027
5336	85.3468
5337	42.9825
5338	184.348
5339	88.9253
5340	0
5341	0
5342	35.5484
5343	27.8365
5344	165.874
5345	150.59
5346	57.1289
5347	172.453
5348	221.989
5349	0
5350	0.155835
5351	439.852
5352	276.471
5353	0
5354	103.067
5355	261.175
5356	22.3315
5357	149.634
5358	91.8445
5359	7.88075
5360	0.83801
5361	146.568
5362	95.8427
5363	0
5364	0
5365	77.4322
5366	443.835
5367	54.6497
5368	155.998
5369	219.87
5370	41.556
5371	36.2503
5372	20.9741
5373	18.2335
5374	0
5375	55.86
5376	242.428
5377	209.677
5378	0
5379	0
5380	33.1135
5381	290.293
5382	0
5383	30.1228
5384	0
5385	0
5386	76.5806
5387	245.764
5388	10.4602
5389	189.975
5390	129.15
5391	104.1
5392	54.3191
5393	221.233
5394	169.457
5395	87.1072
5396	50.4097
5397	185.655
5398	8.7875
5399	246.329
5400	61.5875
5401	53.4783
5402	62.8476
5403	155.182
5404	65.1299
5405	102.394
5406	294.29
5407	338.457
5408	69.9556
5409	61.5305
5410	137.224
5411	20.4894
5412	11.3624
5413	0
5414	34.9302
5415	27.8912
5416	1.72222
5417	62.9357
5418	0
5419	88.6088
5420	0
5421	40.6519
5422	154.642
5423	47.9497
5424	29.3734
5425	0
5426	138.445
5427	0
5428	19.5589
5429	54.281
5430	20.8484
5431	81.4967
5432	0.0123997
5433	6.21155
5434	142.278
5435	0.185199
5436	393.784
5437	206.574
5438	7.60776
5439	57.5371
5440	697.119
5441	106.077
5442	0
5443	0
5444	5.85598
5445	0
5446	315.851
5447	42.9509
5448	68.2459
5449	197.273
5450	238.624
5451	41.0511
5452	39.0459
5453	176.89
5454	0
5455	370.232
5456	96.2032
5457	0
5458	0
5459	153.324
5460	0
5461	391.978
5462	16.8451
5463	623.426
5464	42.1334
5465	33.4562
5466	149.952
5467	313.452
5468	142.627
5469	5.68638
5470	161.732
5471	0
5472	124.468
5473	40.7577
5474	213.792
5475	597.13
5476	147.346
5477	0
5478	0
5479	100.209
5480	342.174
5481	132.587
5482	169.59
5483	0
5484	107.842
5485	0
5486	104.888
5487	85.5281
5488	0
5489	0
5490	81.0992
5491	26.3881
5492	189.621
5493	0
5494	138.946
5495	159.137
5496	63.2949
5497	32.3014
5498	0
5499	51.6293
5500	25.4631
5501	0
5502	10.0352
5503	122.055
5504	31.7904
5505	398.743
5506	96.6998
5507	0.50752
5508	64.609
5509	115.357
5510	119.476
5511	1.41445
5512	71.1126
5513	42.9512
5514	28.1205
5515	0
5516	0
5517	33.732
5518	236.929
5519	413.758
5520	117.586
5521	4.78502
5522	74.8358
5523	0
5524	508.598
5525	121.883
5526	390.801
5527	42.8935
5528	10.2785
5529	3.68198
5530	116.288
5531	41.7001
5532	0
5533	134.133
5534	19.4203
5535	0
5536	100.267
5537	138.555
5538	227.112
5539	0
5540	186.712
5541	20.9395
5542	206.724
5543	150.621
5544	39.2674
5545	427.896
5546	204.001
5547	21.1051
5548	122.409
5549	0
5550	65.8189
5551	346.407
5552	13.6387
5553	123.356
5554	32.0908
5555	15.7999
5556	795.014
5557	422.108
5558	0
5559	49.5265
5560	93.2701
5561	455.971
5562	0
5563	377.223
5564	14.111
5565	0
5566	210.92
5567	0
5568	342.752
5569	452.454
5570	0
5571	0
5572	401.808
5573	0
5574	0
5575	0
5576	88.9291
5577	104.874
5578	0
5579	278.94
5580	77.476
5581	0
5582	0
5583	135.42
5584	12.0511
5585	100.284
5586	75.2128
5587	94.8611
5588	89.7552
5589	79.5811
5590	302.837
5591	1.48463
5592	133.176
5593	0
5594	141.057
5595	0
5596	13.2402
5597	55.3843
5598	28.8831
5599	0
5600	34.6534
5601	116.02
5602	16.5746
5603	0
5604	12.7705
5605	103.229
5606	21.623
5607	0
5608	82.8043
5609	0
5610	378.847
5611	46.7522
5612	4.13127
5613	9.27919
5614	762.501
5615	4.21716
5616	29.8014
5617	422.45
5618	20.5424
5619	0
5620	154.696
5621	0
5622	184.836
5623	182.925
5624	44.2906
5625	288.033
5626	98.1692
5627	222.924
5628	0
5629	0
5630	122.758
5631	0
5632	450.853
5633	7.75216
5634	203.854
5635	0
5636	0
5637	0
5638	566.27
5639	10.7455
5640	209.78
5641	178.685
5642	9.55031
5643	17.1274
5644	300.418
5645	215.229
5646	230.079
5647	93.866
5648	92.9822
5649	0
5650	467.225
5651	0
5652	0
5653	32.9269
5654	0
5655	36.1534
5656	2.31105
5657	38.9141
5658	0
5659	37.2558
5660	321.704
5661	0
5662	0
5663	64.0891
5664	456.43
5665	0
5666	228.33
5667	48.2424
5668	69.6713
5669	120.884
5670	134.43
5671	2.34121
5672	0
5673	0
5674	73.2589
5675	0
5676	206.054
5677	137.379
5678	106.845
5679	196.824
5680	28.1771
5681	83.7321
5682	54.1149
5683	0
5684	57.9819
5685	280.919
5686	493.643
5687	20.6119
5688	12.8067
5689	0
5690	146.455
5691	114.289
5692	0
5693	103.019
5694	29.2626
5695	0
5696	15.2986
5697	12.3271
5698	25.6702
5699	70.8704
5700	376.367
5701	229.557
5702	36.4845
5703	0
5704	0
5705	13.5221
5706	230.384
5707	232.622
5708	0
5709	385.997
5710	13.9059
5711	10.2257
5712	0
5713	271.796
5714	113.538
5715	17.8435
5716	36.0874
5717	0
5718	84.9849
5719	0
5720	43.7088
5721	275.367
5722	92.9229
5723	90.0335
5724	19.4647
5725	0
5726	126.619
5727	0
5728	0
5729	0
5730	0
5731	480.082
5732	0
5733	0
5734	0.0777293
5735	66.7502
5736	202.26
5737	136.533
5738	97.2214
5739	0
5740	21.9729
5741	16.4061
5742	76.5813
5743	63.1454
5744	0.107394
5745	139.347
5746	37.9337
5747	194.913
5748	384.859
5749	44.3316
5750	0.0351645
5751	1.66904
5752	0
5753	0
5754	42.0855
5755	42.6739
5756	0
5757	546.345
5758	0
5759	29.6415
5760	257.303
5761	0
5762	50.228
5763	37.9213
5764	249.52
5765	88.2563
5766	0
5767	0
5768	126.492
5769	304.985
5770	21.5956
5771	0
5772	40.1096
5773	218.353
5774	0
5775	64.4458
5776	9.72581
5777	179.144
5778	139.291
5779	212.415
5780	291.705
5781	394.918
5782	151.837
5783	0
5784	19.7589
5785	108.134
5786	0
5787	11.9052
5788	0
5789	64.3034
5790	77.2432
5791	0
5792	97.67
5793	126.167
5794	10.7255
5795	159.404
5796	97.3373
5797	52.7506
5798	87.2276
5799	0
5800	485.416
5801	109.566
5802	69.9378
5803	0
5804	0
5805	30.166
5806	88.3207
5807	0
5808	478.83
5809	73.3116
5810	0.00831365
5811	0
5812	291.349
5813	96.6149
5814	316.873
5815	0
5816	42.0634
5817	95.1747
5818	238.277
5819	50.2147
5820	0
5821	0
5822	305.34
5823	31.5965
5824	627.126
5825	38.1797
5826	0
5827	0
5828	92.7021
5829	200.018
5830	0
5831	562.118
5832	0
5833	185.665
5834	42.2702
5835	0
5836	67.768
5837	493.626
5838	0
5839	66.6668
5840	0.197009
5841	149.969
5842	0
5843	0
5844	317.693
5845	132.884
5846	82.0297
5847	0
5848	78.5347
5849	129.768
5850	389.281
5851	187.892
5852	50.0796
5853	8.33763
5854	125.77
5855	0
5856	607.043
5857	118.324
5858	48.6807
5859	53.2565
5860	468.866
5861	65.0303
5862	0
5863	0
5864	0
5865	177.392
5866	159.292
5867	395.147
5868	83.539
5869	289.101
5870	0
5871	0
5872	0
5873	467.753
5874	484.061
5875	49.3697
5876	12.1764
5877	42.6918
5878	319.695
5879	0.0466401
5880	0
5881	0
5882	128.735
5883	0
5884	131.016
5885	140.852
5886	17.1157
5887	62.3752
5888	159.278
5889	73.9013
5890	0
5891	4.4247
5892	64.8312
5893	0
5894	0
5895	3.98627
5896	276.562
5897	0
5898	37.7347
5899	39.9316
5900	107.555
5901	45.5892
5902	0
5903	73.9365
5904	0
5905	162.695
5906	102.646
5907	23.0969
5908	46.8744
5909	632.698
5910	95.9452
5911	0
5912	101.572
5913	4.73702
5914	10.5878
5915	0
5916	21.4906
5917	0
5918	31.2544
5919	64.4806
5920	94.1944
5921	449.424
5922	0
5923	178.186
5924	67.2884
5925	0
5926	38.2298
5927	0
5928	0
5929	2.71372
5930	117.158
5931	0
5932	72.5322
5933	215.282
5934	125.264
5935	103.441
5936	133.797
5937	83.9839
5938	1146.9
5939	43.2804
5940	109.185
5941	174.467
5942	90.3945
5943	9.5258
5944	55.249
5945	1.30369
5946	77.6753
5947	51.7778
5948	55.3542
5949	0
5950	0
5951	65.0703
5952	25.8748
5953	244.463
5954	40.6422
5955	0
5956	1.45104
5957	46.0899
5958	84.6224
5959	46.1686
5960	0
5961	235.672
5962	48.5021
5963	189.255
5964	42.9069
5965	0
5966	0
5967	83.4245
5968	122.402
5969	246.17
5970	85.6636
5971	146.037
5972	44.9904
5973	0
5974	358.306
5975	54.2056
5976	69.3836
5977	204.034
5978	118.286
5979	0
5980	215.992
5981	60.6815
5982	27.3395
5983	101.009
5984	0
5985	0
5986	116.02
5987	139.202
5988	0
5989	0
5990	0
5991	0
5992	128.315
5993	379.838
5994	0
5995	269.517
5996	0
5997	32.3148
5998	0
5999	169.637
6000	0
6001	145.218
6002	220.694
6003	41.373
6004	18.5824
6005	0
6006	0
6007	0
6008	227.149
6009	0
6010	203.147
6011	235.959
6012	118.774
6013	272.559
6014	119.85
6015	85.4842
6016	162.768
6017	25.4677
6018	0
6019	62.1302
6020	85.4027
6021	12.9312
6022	145.574
6023	1.62096
6024	253.217
6025	225.884
6026	0
6027	56.6959
6028	79.0085
6029	0
6030	32.0798
6031	41.9164
6032	142.315
6033	412.247
6034	565.618
6035	0
6036	13.0777
6037	0
6038	0
6039	233.816
6040	27.1621
6041	550.905
6042	68.1167
6043	187.548
6044	0
6045	0
6046	184.789
6047	283.875
6048	0
6049	139.595
6050	36.983
6051	30.4299
6052	114.215
6053	66.6211
6054	0
6055	0
6056	467.981
6057	106.372
6058	0.286203
6059	0
6060	0
6061	82.0243
6062	49.3303
6063	3.49867
6064	91.4026
6065	42.348
6066	253.58
6067	119.2
6068	0
6069	4.96189
6070	21.9634
6071	79.6587
6072	97.7158
6073	124.627
6074	90.1256
6075	106.884
6076	146.825
6077	80.4898
6078	0
6079	39.6857
6080	16.7898
6081	226.668
6082	31.1982
6083	0
6084	0
6085	346.296
6086	0
6087	0
6088	3.16096
6089	303.888
6090	123.306
6091	246.404
6092	13.3345
6093	0
6094	0.145015
6095	62.3041
6096	165.849
6097	111.496
6098	0
6099	16.5521
6100	1.11275
6101	7.40692
6102	0
6103	95.9813
6104	184.141
6105	96.9122
6106	100.248
6107	23.5431
6108	246.324
6109	196.643
6110	0.383595
6111	0
6112	45.6459
6113	359.887
6114	259.856
6115	0
6116	0
6117	240.447
6118	1.4655
6119	86.3191
6120	108.857
6121	287.026
6122	25.7823
6123	40.0561
6124	259.215
6125	0
6126	0
6127	0
6128	229.909
6129	37.3664
6130	397.319
6131	0
6132	0
6133	160.795
6134	43.8337
6135	0
6136	99.2665
6137	55.9372
6138	0
6139	283.271
6140	24.3867
6141	2.72258
6142	68.2131
6143	24.5876
6144	0
6145	426.956
6146	0
6147	0
6148	149.6
6149	16.2154
6150	33.9705
6151	0
6152	162.574
6153	124.464
6154	85.5795
6155	14.1192
6156	176.205
6157	0
6158	0
6159	120.772
6160	79.3325
6161	207.074
6162	37.7833
6163	20.6727
6164	34.1083
6165	298.597
6166	16.2668
6167	234.666
6168	59.7548
6169	20.2754
6170	97.3615
6171	0
6172	167.971
6173	3.75739
6174	163.268
6175	296.636
6176	55.6088
6177	0
6178	486.43
6179	80.6561
6180	20.2103
6181	354.468
6182	0
6183	96.5972
6184	49.0935
6185	65.6049
6186	128.163
6187	0
6188	0
6189	3.15618
6190	190.689
6191	28.8897
6192	205.028
6193	174.023
6194	168.443
6195	497.556
6196	0.323748
6197	374.655
6198	236.721
6199	148.996
6200	191.802
6201	37.596
6202	0.419751
6203	0
6204	84.3762
6205	0
6206	140.296
6207	0
6208	83.1729
6209	45.9171
6210	217.469
6211	10.9045
6212	214.67
6213	121.196
6214	3.83228
6215	65.3332
6216	0
6217	108.753
6218	17.5394
6219	22.8952
6220	45.3181
6221	142.189
6222	89.5602
6223	0
6224	6.32102
6225	0
6226	99.945
6227	111.268
6228	121.53
6229	228.538
6230	0
6231	38.1483
6232	102.473
6233	142.231
6234	415.224
6235	0
6236	0.0384568
6237	367.786
6238	49.7728
6239	134.621
6240	63.6181
6241	0
6242	159.146
6243	60.9069
6244	80.2509
6245	51.8467
6246	170.571
6247	90.9947
6248	54.3114
6249	243.847
6250	0
6251	143.017
6252	0
6253	57.9403
6254	0
6255	0
6256	2.07463
6257	9.13181
6258	3.67106
6259	33.154
6260	0
6261	4.32025
6262	214.195
6263	14.4137
6264	442.53
6265	206.598
6266	76.0383
6267	94.4649
6268	56.4027
6269	63.8916
6270	2.53306
6271	40.305
6272	0
6273	381.196
6274	112.762
6275	29.2975
6276	0
6277	0
6278	94.0991
6279	75.0279
6280	0
6281	0
6282	0
6283	66.3296
6284	184.151
6285	0
6286	370.407
6287	67.4861
6288	27.5545
6289	190.706
6290	53.8973
6291	21.3767
6292	20.8402
6293	97.049
6294	38.2172
6295	43.1447
6296	0
6297	166.507
6298	0
6299	39.35
6300	112.728
6301	57.5275
6302	214.083
6303	0
6304	0
6305	84.1295
6306	5.19206
6307	270.441
6308	10.5011
6309	9.73288
6310	111.916
6311	0
6312	0
6313	50.3636
6314	72.6932
6315	175.31
6316	181.624
6317	15.0337
6318	155.079
6319	177.62
6320	17.6061
6321	179.572
6322	37.5062
6323	40.1469
6324	150.761
6325	114.725
6326	0
6327	0
6328	33.0053
6329	316.615
6330	81.9766
6331	147.127
6332	0
6333	0
6334	97.7142
6335	195.606
6336	74.3461
6337	0.167675
6338	327.297
6339	10.4051
6340	0
6341	0
6342	107.914
6343	185.005
6344	52.2299
6345	18.2409
6346	480.562
6347	356.409
6348	0
6349	0
6350	0
6351	20.3858
6352	478.933
6353	0
6354	0
6355	0
6356	0
6357	96.9892
6358	21.8073
6359	39.3168
6360	0
6361	37.2555
6362	45.1802
6363	389.031
6364	0
6365	682.328
6366	0
6367	165.754
6368	42.9269
6369	380.188
6370	275.482
6371	346.296
6372	0
6373	0
6374	372.807
6375	0
6376	55.9722
6377	368.712
6378	184.029
6379	219.379
6380	185.737
6381	0
6382	123.912
6383	0
6384	0
6385	16.2795
6386	86.0643
6387	129.731
6388	37.1734
6389	5.66981
6390	3.83841
6391	292.817
6392	35.7279
6393	214.636
6394	34.0652
6395	69.812
6396	5.77614
6397	0
6398	61.0653
6399	26.0216
6400	0
6401	203.108
6402	0
6403	0
6404	10.1959
6405	206.978
6406	0
6407	131.36
6408	21.7935
6409	2.60333
6410	80.6515
6411	23.1271
6412	0
6413	26.6131
6414	437.605
6415	147.896
6416	100.972
6417	103.192
6418	67.5606
6419	0
6420	0
6421	116.681
6422	291.368
6423	67.228
6424	122.233
6425	21.8895
6426	89.2321
6427	2.86935
6428	0
6429	0
6430	52.33
6431	4.14294
6432	29.9991
6433	3.53757
6434	0
6435	0
6436	341.024
6437	0
6438	0
6439	192.923
6440	0
6441	60.9128
6442	0
6443	46.7932
6444	239.145
6445	29.0264
6446	335.595
6447	0
6448	208.971
6449	79.0069
6450	0
6451	32.1298
6452	0
6453	54.9578
6454	107.246
6455	511.113
6456	0
6457	49.7257
6458	265.164
6459	7.8343
6460	51.9462
6461	27.7128
6462	0
6463	164.188
6464	0
6465	25.2461
6466	0
6467	191.197
6468	155.102
6469	0
6470	205.694
6471	123.499
6472	0
6473	52.2366
6474	0
6475	41.9228
6476	142.943
6477	19.8032
6478	33.3691
6479	56.4091
6480	0
6481	0
6482	166.553
6483	198.258
6484	10.6819
6485	11.3286
6486	90.9031
6487	430.909
6488	103.134
6489	0
6490	400.121
6491	391.715
6492	0
6493	0
6494	19.9446
6495	137.06
6496	75.7714
6497	234.424
6498	119.343
6499	558.403
6500	77.0514
6501	165.793
6502	0
6503	241.229
6504	2.32181
6505	67.4068
6506	0
6507	142.689
6508	21.5935
6509	543.108
6510	0
6511	0
6512	99.6551
6513	0
6514	0
6515	109.302
6516	28.1536
6517	93.8954
6518	12.971
6519	26.0607
6520	230.275
6521	30.8928
6522	235.959
6523	54.4854
6524	0
6525	0
6526	40.6875
6527	260.145
6528	0
6529	44.5624
6530	0
6531	18.8762
6532	0
6533	323.639
6534	103.126
6535	0
6536	0
6537	10.5194
6538	117.027
6539	0.770276
6540	83.2015
6541	0
6542	167.781
6543	51.1493
6544	157.599
6545	49.2422
6546	0
6547	19.2681
6548	44.3611
6549	71.1598
6550	19.4716
6551	68.6034
6552	87.4941
6553	50.9374
6554	0
6555	96.3939
6556	132.55
6557	212.203
6558	0
6559	441.905
6560	0.663412
6561	0
6562	239.155
6563	0
6564	24.2291
6565	215.909
6566	423.324
6567	0
6568	537.38
6569	67.866
6570	360.21
6571	202.106
6572	0.945738
6573	0
6574	99.8491
6575	22.3678
6576	23.0257
6577	0
6578	197.307
6579	373.205
6580	18.0031
6581	0
6582	51.1002
6583	0
6584	15.1163
6585	0
6586	210.636
6587	0
6588	180.297
6589	51.7834
6590	10.0539
6591	286.71
6592	0
6593	194.743
6594	42.9945
6595	0
6596	0
6597	572.799
6598	270.423
6599	57.4913
6600	17.4255
6601	304.924
6602	53.361
6603	117.833
6604	188.252
6605	84.008
6606	216.903
6607	0
6608	0
6609	118.226
6610	21.8762
6611	0
6612	82.7836
6613	0
6614	39.4294
6615	0
6616	47.28
6617	9.21387
6618	96.8894
6619	176.345
6620	79.2299
6621	96.2369
6622	14.375
6623	0
6624	69.7707
6625	215.736
6626	0
6627	184.504
6628	0
6629	164.927
6630	27.3253
6631	16.6728
6632	79.7637
6633	111.892
6634	69.9103
6635	216.733
6636	0
6637	50.0141
6638	305.877
6639	3.17022
6640	40.5809
6641	14.7409
6642	0
6643	64.159
6644	0
6645	402.243
6646	81.6752
6647	96.5524
6648	167.545
6649	0
6650	195.963
6651	0
6652	0
6653	87.4493
6654	155.038
6655	0
6656	283.639
6657	165.082
6658	413.433
6659	233.516
6660	243.326
6661	476.461
6662	0
6663	149.566
6664	155.51
6665	467.342
6666	253.956
6667	332.841
6668	0
6669	132.838
6670	0
6671	554.4
6672	468.729
6673	124.703
6674	0
6675	2.21162
6676	77.1724
6677	231
6678	0
6679	0
6680	233.651
6681	302.099
6682	426.191
6683	41.5915
6684	109.01
6685	0
6686	0
6687	0
6688	30.8182
6689	24.6435
6690	748.822
6691	0
6692	310.699
6693	0
6694	75.9771
6695	54.3208
6696	0
6697	429.859
6698	0
6699	233.113
6700	199.675
6701	226.854
6702	0.691182
6703	86.1388
6704	0
6705	0
6706	0
6707	3.10735
6708	180.52
6709	96.4574
6710	288.171
6711	19.8129
6712	0
6713	0
6714	58.1868
6715	8.70016
6716	222.676
6717	4.75932
6718	362.256
6719	72.021
6720	301.186
6721	137.652
6722	202.963
6723	0
6724	490.83
6725	0
6726	0
6727	61.0395
6728	589.037
6729	109.097
6730	64.2385
6731	144.317
6732	0
6733	237.358
6734	116.234
6735	68.3711
6736	165.972
6737	218.754
6738	126.707
6739	358.576
6740	56.9232
6741	71.8925
6742	0
6743	263.276
6744	0
6745	2.38921
6746	208.307
6747	0
6748	445.697
6749	106.648
6750	104.887
6751	263.887
6752	0
6753	0
6754	0
6755	0
6756	85.9955
6757	15.6891
6758	79.5278
6759	118.241
6760	47.1398
6761	182.317
6762	8.05669
6763	63.0127
6764	79.23
6765	42.6891
6766	274.149
6767	0
6768	195.164
6769	365.334
6770	0
6771	377.153
6772	76.4864
6773	0
6774	64.2409
6775	100.736
6776	23.4678
6777	60.169
6778	127.437
6779	93.5648
6780	107.595
6781	58.6612
6782	245.421
6783	0
6784	26.0058
6785	112.539
6786	0
6787	0.542516
6788	246.742
6789	0
6790	147.289
6791	0
6792	11.468
6793	34.4481
6794	244.291
6795	0
6796	89.9054
6797	406.583
6798	0.00317946
6799	34.1577
6800	153.362
6801	0
6802	77.8848
6803	29.454
6804	7.49153
6805	32.9075
6806	276.183
6807	0
6808	1.3409
6809	0
6810	156.064
6811	95.4699
6812	0
6813	0
6814	33.9966
6815	12.5282
6816	151.995
6817	16.5277
6818	99.9462
6819	0
6820	0
6821	69.5144
6822	22.1363
6823	0
6824	11.1424
6825	0
6826	0.73897
6827	289.163
6828	44.5259
6829	412.931
6830	73.1474
6831	129.813
6832	361.973
6833	58.9631
6834	0
6835	60.2057
6836	38.4444
6837	405.792
6838	133.255
6839	293.581
6840	229.992
6841	25.3507
6842	0
6843	196.145
6844	571.537
6845	202.794
6846	54.9641
6847	114.705
6848	46.5352
6849	186.158
6850	0
6851	250.796
6852	0
6853	88.8158
6854	0
6855	84.9603
6856	76.8076
6857	449.941
6858	131.274
6859	188.324
6860	164.367
6861	21.4071
6862	0
6863	188.019
6864	0
6865	53.8235
6866	208.279
6867	38.2485
6868	317.169
6869	212.673
6870	1.02892
6871	89.0514
6872	0
6873	0
6874	86.5124
6875	177.738
6876	76.2288
6877	0
6878	68.085
6879	108.693
6880	0
6881	89.0095
6882	178.647
6883	207.738
6884	248.895
6885	45.921
6886	65.5864
6887	157.012
6888	0.138312
6889	33.6131
6890	117.974
6891	257.62
6892	25.451
6893	82.4932
6894	222.756
6895	13.3245
6896	168.768
6897	168.841
6898	62.9052
6899	0
6900	0
6901	277.556
6902	72.5396
6903	1.01704
6904	241.089
6905	0
6906	154.5
6907	191.105
6908	0
6909	0
6910	66.7028
6911	0
6912	33.783
6913	74.1076
6914	98.4653
6915	219.335
6916	38.8016
6917	17.3533
6918	325.543
6919	133.719
6920	0.252409
6921	0
6922	86.8391
6923	219.403
6924	128.256
6925	0
6926	96.9112
6927	6.37448
6928	215.429
6929	0
6930	48.4262
6931	11.5451
6932	178.329
6933	104.608
6934	259.975
6935	0
6936	351.708
6937	118.032
6938	41.4042
6939	0
6940	194.223
6941	36.5344
6942	254.474
6943	68.6928
6944	34.1516
6945	77.6508
6946	145.977
6947	0
6948	14.5783
6949	37.2387
6950	52.9899
6951	147.498
6952	42.6765
6953	0
6954	0
6955	82.9214
6956	229.334
6957	82.6407
6958	91.678
6959	333.534
6960	2.28983
6961	0
6962	49.141
6963	125.578
6964	0
6965	0
6966	244.251
6967	118.769
6968	100.085
6969	103.818
6970	114.129
6971	102.868
6972	0
6973	0
6974	28.5819
6975	53.0639
6976	215.717
6977	17.656
6978	464.473
6979	540.484
6980	187.471
6981	284.789
6982	40.9188
6983	74.0804
6984	0
6985	11.8123
6986	86.4594
6987	31.0427
6988	122.058
6989	29.8877
6990	39.245
6991	0
6992	167.983
6993	0
6994	122.115
6995	0
6996	14.622
6997	369.91
6998	0.34425
6999	44.9835
7000	164.17
7001	90.1782
7002	55.3388
7003	0
7004	35.0271
7005	30.8429
7006	2.05395
7007	86.3206
7008	116.395
7009	20.0357
7010	175.163
7011	311.82
7012	163.89
7013	17.2852
7014	115.698
7015	210.406
7016	307.98
7017	168.301
7018	798.728
7019	40.5352
7020	107.501
7021	0
7022	0
7023	383.564
7024	110.816
7025	40.0603
7026	255.951
7027	132.019
7028	0
7029	0
7030	325.465
7031	0
7032	106.353
7033	97.2823
7034	97.7867
7035	10.116
7036	144.205
7037	0
7038	187.345
7039	0
7040	34.5595
7041	215.531
7042	0
7043	0
7044	0
7045	0
7046	0
7047	2.20058
7048	433.031
7049	0
7050	51.1514
7051	13.0003
7052	92.4208
7053	0
7054	58.3188
7055	0
7056	0
7057	0
7058	0
7059	0
7060	372.496
7061	49.2334
7062	0
7063	104.032
7064	4.14486
7065	178.338
7066	0
7067	76.6503
7068	0
7069	0
7070	1.62411
7071	54.1299
7072	4.32213
7073	107.444
7074	0
7075	119.384
7076	166.656
7077	105.05
7078	76.1999
7079	152.47
7080	107.902
7081	0
7082	36.0575
7083	61.7871
7084	69.0085
7085	63.7064
7086	30.2002
7087	0
7088	8.83764
7089	548.129
7090	2.35182
7091	173.379
7092	9.72215
7093	4.69022
7094	0
7095	91.9125
7096	8.71252
7097	0
7098	0
7099	8.18748
7100	212.556
7101	36.3749
7102	11.23
7103	99.7322
7104	271.473
7105	215.472
7106	127.323
7107	197.224
7108	46.4665
7109	98.0617
7110	88.9449
7111	24.2976
7112	321.787
7113	43.3753
7114	201.69
7115	246.997
7116	0
7117	172.751
7118	11.5092
7119	0
7120	195.741
7121	0
7122	78.3188
7123	69.9239
7124	42.1852
7125	24.2934
7126	34.2381
7127	0.240073
7128	101.589
7129	66.2914
7130	279.81
7131	91.3077
7132	104.084
7133	0
7134	78.5358
7135	0
7136	0
7137	307.919
7138	19.4817
7139	0
7140	412.067
7141	3.02569
7142	428.417
7143	0
7144	92.6634
7145	18.7747
7146	0
7147	73.5567
7148	35.5404
7149	196.709
7150	0
7151	181.152
7152	0
7153	99.1618
7154	557.878
7155	11.8471
7156	23.4915
7157	56.5601
7158	0
7159	17.581
7160	21.1592
7161	0
7162	119.919
7163	0
7164	0.026266
7165	24.068
7166	73.7068
7167	0
7168	0
7169	168.193
7170	20.1911
7171	22.831
7172	89.9486
7173	204.1
7174	100.297
7175	46.7948
7176	82.3886
7177	0
7178	479.14
7179	307.359
7180	0
7181	28.6087
7182	0
7183	241.643
7184	23.2113
7185	376.081
7186	0
7187	166.226
7188	0
7189	6.72881
7190	41.5769
7191	35.9936
7192	0
7193	21.1801
7194	0
7195	91.5831
7196	0
7197	269.036
7198	12.869
7199	0
7200	57.9766
7201	2.73712
7202	90.7781
7203	125.679
7204	211.358
7205	112.991
7206	152.279
7207	32.4644
7208	235.37
7209	70.3175
7210	375.725
7211	13.0311
7212	0
7213	22.4862
7214	43.8465
7215	43.2095
7216	256.738
7217	0
7218	55.8151
7219	0
7220	0
7221	46.4873
7222	249.83
7223	164.369
7224	0
7225	67.864
7226	429.945
7227	8.0305
7228	229.518
7229	229.617
7230	226.337
7231	0
7232	291.281
7233	2.29375
7234	146.731
7235	265.913
7236	195.806
7237	0
7238	0
7239	269.419
7240	523.246
7241	23.9885
7242	262.686
7243	0
7244	0
7245	0
7246	30.7589
7247	63.106
7248	0
7249	85.6801
7250	101.512
7251	267.305
7252	147.098
7253	172.48
7254	0
7255	35.9272
7256	0.636215
7257	13.7101
7258	65.6457
7259	0
7260	0
7261	28.5289
7262	199.747
7263	0
7264	95.4789
7265	32.8808
7266	65.2502
7267	181.123
7268	0
7269	252.416
7270	59.2443
7271	0
7272	30.2895
7273	212.976
7274	167.239
7275	77.8126
7276	0
7277	59.6365
7278	156.008
7279	156.374
7280	0
7281	47.9694
7282	41.7851
7283	0
7284	518.685
7285	116.163
7286	0
7287	0
7288	84.8658
7289	33.5628
7290	141.536
7291	69.8975
7292	57.4401
7293	95.9905
7294	68.8237
7295	77.8889
7296	258.436
7297	352.397
7298	78.579
7299	145.132
7300	0.0171999
7301	276.723
7302	58.0249
7303	238.287
7304	69.5085
7305	0
7306	471.654
7307	80.8667
7308	1.76108
7309	0
7310	0
7311	215.249
7312	0.0612695
7313	218.579
7314	228.308
7315	35.8008
7316	3.19685
7317	244.906
7318	67.6577
7319	20.6053
7320	366.755
7321	0
7322	65.9152
7323	101.917
7324	106.828
7325	261.551
7326	9.25491
7327	0
7328	218.982
7329	51.0252
7330	145.967
7331	0
7332	0
7333	94.9314
7334	175.593
7335	0
7336	15.1635
7337	73.8995
7338	0
7339	0
7340	120.603
7341	56.9048
7342	0.222238
7343	54.5842
7344	0
7345	79.3224
7346	4.57698
7347	0
7348	398.053
7349	51.3164
7350	175.893
7351	0
7352	0
7353	0
7354	0
7355	0
7356	80.3257
7357	0.0282721
7358	13.2285
7359	303.649
7360	8.15922
7361	0
7362	546.53
7363	96.5562
7364	145.533
7365	56.7636
7366	143.063
7367	72.8708
7368	587.288
7369	30.7862
7370	436.029
7371	1.00759
7372	0
7373	2.60897
7374	0
7375	41.809
7376	0
7377	37.2168
7378	3.08896
7379	0
7380	72.301
7381	203.336
7382	0
7383	37.6586
7384	0
7385	341.377
7386	57.9296
7387	17.2156
7388	294.222
7389	0
7390	0
7391	104.102
7392	270.218
7393	35.8743
7394	306.219
7395	118.536
7396	75.2894
7397	161.677
7398	0
7399	100.823
7400	121.414
7401	0
7402	259.999
7403	0
7404	163.981
7405	56.1243
7406	89.5355
7407	0
7408	119.157
7409	283.282
7410	215.495
7411	351.561
7412	113.615
7413	168.559
7414	279.556
7415	31.9626
7416	0
7417	84.7416
7418	265.953
7419	401.627
7420	194.368
7421	0
7422	234.362
7423	286.921
7424	43.8251
7425	29.0788
7426	240.327
7427	171.298
7428	0
7429	318.167
7430	42.3512
7431	45.3803
7432	222.586
7433	0
7434	154.786
7435	127.445
7436	215.958
7437	186.349
7438	168.606
7439	116.279
7440	68.5315
7441	0
7442	24.7646
7443	0
7444	0
7445	0
7446	68.6993
7447	109.54
7448	34.0349
7449	245.049
7450	13.1792
7451	51.5031
7452	0
7453	180.649
7454	103.316
7455	265.625
7456	34.9827
7457	104.409
7458	6.06068
7459	29.6782
7460	93.304
7461	253.471
7462	38.3764
7463	232.796
7464	41.3469
7465	130.96
7466	75.2595
7467	137.175
7468	24.561
7469	103.505
7470	174.07
7471	36.04
7472	91.8456
7473	95.7218
7474	26.4678
7475	204.968
7476	0
7477	265.776
7478	0
7479	4.04425
7480	43.0944
7481	112.711
7482	0
7483	35.0566
7484	227.339
7485	71.0381
7486	0
7487	0.388268
7488	190.127
7489	77.565
7490	22.7921
7491	0
7492	81.2192
7493	0
7494	0
7495	27.1396
7496	269.218
7497	0
7498	113.441
7499	0
7500	0
7501	22.138
7502	0
7503	54.4347
7504	171.513
7505	0
7506	215.978
7507	62.4659
7508	5.57072
7509	221.682
7510	0.972609
7511	27.5064
7512	217.66
7513	0
7514	11.5357
7515	172.779
7516	494.712
7517	136.93
7518	158.842
7519	0
7520	103.969
7521	0
7522	31.3388
7523	57.2748
7524	356.862
7525	179.127
7526	324.999
7527	147.479
7528	50.2006
7529	89.145
7530	0
7531	72.9876
7532	611.778
7533	0
7534	362.125
7535	8.30249
7536	0
7537	68.1857
7538	0
7539	0
7540	2.69142
7541	27.1993
7542	0
7543	121.866
7544	0
7545	33.1633
7546	192.933
7547	0.134999
7548	2.48386
7549	12.4113
7550	197.196
7551	30.98
7552	1.52499
7553	0
7554	0
7555	124.474
7556	30.1733
7557	34.5282
7558	480.939
7559	94.4857
7560	5.12161
7561	38.8288
7562	9.11177
7563	51.1871
7564	27.1484
7565	302.11
7566	18.4112
7567	44.3692
7568	3.88864
7569	36.9794
7570	0
7571	0
7572	95.3974
7573	8.37616
7574	47.5113
7575	139.395
7576	66.8396
7577	264.707
7578	43.5837
7579	117.45
7580	86.5031
7581	250.694
7582	14.9683
7583	0
7584	102.556
7585	59.6739
7586	315.833
7587	230.714
7588	15.7229
7589	61.6209
7590	146.446
7591	206.259
7592	136.542
7593	58.6848
7594	479.896
7595	0
7596	259.707
7597	276.696
7598	0
7599	90.6714
7600	131.285
7601	0
7602	0.776735
7603	93.2655
7604	4.13226
7605	212.612
7606	1.05372
7607	57.0883
7608	87.9989
7609	378.99
7610	143.902
7611	101.104
7612	171.697
7613	32.7441
7614	89.1739
7615	185.573
7616	52.9234
7617	0
7618	526.959
7619	0
7620	0
7621	0
7622	89.469
7623	210.035
7624	39.8956
7625	93.0708
7626	0.674368
7627	46.8483
7628	0
7629	11.4551
7630	22.2728
7631	111.099
7632	0
7633	0
7634	0
7635	0
7636	0
7637	107.629
7638	78.261
7639	190.427
7640	0
7641	29.4222
7642	187.385
7643	0
7644	238.184
7645	83.9633
7646	88.0103
7647	408.922
7648	331.499
7649	5.4424
7650	0
7651	549.704
7652	52.7752
7653	0.133397
7654	146.486
7655	30.5298
7656	77.5277
7657	291.785
7658	0
7659	451.171
7660	255.651
7661	0
7662	48.2202
7663	6.52525
7664	114.775
7665	159.572
7666	143.564
7667	147.711
7668	0
7669	306.849
7670	61.1588
7671	3.95157
7672	57.0474
7673	192.015
7674	86.5073
7675	91.2535
7676	111.904
7677	294.433
7678	0
7679	0
7680	131.982
7681	0
7682	112.45
7683	386.551
7684	97.7579
7685	119.887
7686	132.794
7687	52.9061
7688	0
7689	41.9837
7690	0
7691	68.6378
7692	243.219
7693	0.212249
7694	0
7695	15.5052
7696	218.176
7697	451.362
7698	58.0842
7699	244.764
7700	0
7701	0
7702	25.4702
7703	253.982
7704	0
7705	30.2685
7706	44.7104
7707	59.3126
7708	0
7709	358.376
7710	173.353
7711	521.656
7712	0
7713	0
7714	290.524
7715	43.5848
7716	34.7225
7717	10.2304
7718	74.7059
7719	0.122143
