LID	AZHtt_NLL
0	276.663
1	171.518
2	62.5473
3	108.999
4	157.05
5	363.11
6	566.298
7	1.11542
8	92.0037
9	7.05469
10	41.6428
11	0
12	10.0135
13	0
14	26.9729
15	98.9099
16	203.668
17	19.6776
18	3.35809
19	313.12
20	32.097
21	2.24265
22	407.745
23	10.3185
24	116.622
25	115.009
26	85.7313
27	818.49
28	0.0713217
29	251.709
30	28.2969
31	272.868
32	386.814
33	0
34	410.391
35	363.51
36	1.75054
37	268.138
38	12.4655
39	412.87
40	520.149
41	199.02
42	204.17
43	728.332
44	0
45	332.527
46	74.5017
47	0
48	145.999
49	182.028
50	21.7325
51	62.011
52	420.686
53	53.0781
54	184.28
55	0
56	179.033
57	186.496
58	9.7889
59	0
60	173.76
61	0
62	237.943
63	26.9729
64	0
65	724.464
66	0.299321
67	271.159
68	165.35
69	208.297
70	182.543
71	132.133
72	157.93
73	63.3064
74	217.907
75	103.932
76	152.65
77	28.5021
78	223.542
79	184.365
80	218.266
81	93.5897
82	25.2274
83	8.643
84	131.554
85	0.0749213
86	0
87	215.88
88	34.8343
89	133.466
90	279.147
91	232.01
92	144.833
93	268.405
94	55.1328
95	76.2777
96	134.385
97	0
98	32.015
99	387.018
100	105.522
101	103.824
102	15.2821
103	1.43815
104	153.014
105	276.56
106	94.7873
107	447.951
108	0
109	0
110	76.3572
111	0
112	2.78048
113	55.3201
114	57.1916
115	36.9087
116	134.178
117	91.0677
118	60.5516
119	74.3559
120	163.601
121	137.193
122	89.9568
123	121.02
124	0
125	0
126	152.927
127	0
128	0
129	69.83
130	113.973
131	31.6234
132	146.216
133	38.9455
134	117.371
135	30.4763
136	396.792
137	3.92678
138	163.747
139	51.29
140	148.768
141	0
142	218.069
143	112.124
144	51.5789
145	0
146	0.367308
147	3.69219
148	56.0089
149	198.434
150	304.204
151	7.40117
152	0
153	473.454
154	173.53
155	72.6297
156	89.1906
157	18.9668
158	323.253
159	2.01029
160	128.485
161	572.518
162	89.8094
163	0
164	1.23822
165	42.6225
166	479.725
167	66.483
168	134.135
169	0
170	54.8061
171	37.5612
172	4.8016
173	172.912
174	71.2265
175	308.54
176	628.034
177	352.103
178	73.4948
179	0
180	0
181	208.991
182	303.678
183	0.0178691
184	2.72374
185	221.2
186	218.268
187	43.7581
188	189.156
189	10.1117
190	1.40899
191	25.1141
192	0
193	487.958
194	0.0737928
195	240.435
196	0
197	200.945
198	23.1356
199	106.281
200	119.386
201	107.498
202	163.178
203	251.606
204	0
205	0
206	138.717
207	0
208	155.809
209	254.824
210	134.626
211	104.017
212	190.448
213	189.475
214	0
215	0
216	0
217	0
218	172.183
219	155.07
220	54.1712
221	63.0763
222	429.526
223	149.478
224	33.5619
225	83.754
226	222.496
227	303.748
228	151.434
229	0
230	209.103
231	147.061
232	1.33966
233	5.63488
234	0
235	75.2794
236	199.353
237	35.6814
238	0.52391
239	0
240	0.4413
241	88.6613
242	153.284
243	89.5792
244	116.901
245	4.37221
246	174.964
247	210.176
248	0
249	139.171
250	73.8174
251	0
252	430.171
253	84.4546
254	201.77
255	16.1897
256	225.437
257	388.128
258	349.154
259	91.9264
260	260.985
261	0
262	93.7789
263	38.1032
264	91.3018
265	6.16602
266	127.472
267	172.683
268	0
269	416.938
270	89.7578
271	183.801
272	402.482
273	56.1245
274	99.4235
275	159.704
276	2.76861
277	0
278	399.15
279	299.513
280	76.8544
281	0
282	50.1129
283	141.74
284	202.476
285	0
286	0
287	57.6192
288	40.023
289	0
290	69.4423
291	37.6088
292	0
293	104.517
294	297.101
295	79.615
296	0
297	56.3149
298	209.779
299	54.459
300	10.0662
301	0
302	139.186
303	39.7194
304	58.7576
305	0
306	0.728021
307	0
308	208.02
309	272.022
310	0
311	50.5198
312	52.9779
313	90.0679
314	50.0649
315	36.9829
316	0
317	13.4213
318	113.153
319	0
320	10.408
321	0
322	127.679
323	19.3707
324	100.908
325	39.0285
326	0
327	93.7777
328	226.543
329	2.01763
330	102.93
331	133.703
332	0
333	63.4324
334	71.1231
335	68.1885
336	45.2352
337	246.869
338	202.382
339	133.703
340	131.986
341	84.276
342	2.60537
343	0.888606
344	0
345	222.496
346	124.679
347	0
348	2.02762
349	13.6341
350	17.3942
351	120.206
352	0.121991
353	63.1071
354	232.694
355	80.4958
356	12.4753
357	0
358	138.322
359	67.2649
360	0
361	16.2816
362	325.802
363	130.155
364	2.13935
365	77.5203
366	124.405
367	37.4506
368	117.592
369	0
370	44.0147
371	76.6424
372	0
373	120.848
374	279.754
375	0
376	76.2892
377	0
378	86.0818
379	122.067
380	0
381	62.5866
382	46.9954
383	214.436
384	503.558
385	56.3149
386	275.241
387	0
388	53.5867
389	69.8751
390	46.3381
391	0
392	109.901
393	17.3533
394	0
395	94.4848
396	0
397	570.272
398	40.4602
399	89.7199
400	201.77
401	0
402	45.631
403	253.316
404	175.972
405	96.292
406	0
407	0
408	184.26
409	24.7397
410	110.597
411	146.972
412	207.956
413	251.722
414	0
415	0
416	12.4753
417	15.2954
418	41.0534
419	143.761
420	101.056
421	0
422	145.444
423	515.041
424	33.1619
425	135.065
426	0
427	10.2292
428	94.3585
429	16.7114
430	198.24
431	0
432	0
433	0
434	0
435	26.4353
436	131.833
437	64.7665
438	45.8448
439	95.1112
440	0
441	284.845
442	14.6212
443	0
444	24.0488
445	0
446	292.481
447	88.118
448	444.639
449	312.284
450	43.4259
451	152.562
452	26.4353
453	86.157
454	0
455	32.9764
456	0
457	65.4831
458	0
459	0
460	0
461	199.617
462	0
463	45.8448
464	0
465	28.6069
466	0
467	108.973
468	244.782
469	83.5839
470	298.275
471	158.07
472	0
473	525.62
474	291.551
475	0
476	0
477	61.8548
478	160.294
479	588.011
480	37.1051
481	62.3357
482	185.26
483	114.246
484	122.916
485	178.426
486	0
487	49.4226
488	38.542
489	399.919
490	0
491	247.814
492	75.3803
493	220.548
494	160.722
495	100.176
496	71.5922
497	152.76
498	444.639
499	183.158
500	0
501	0
502	0
503	111.376
504	0
505	0
506	50.3653
507	14.5145
508	11.3576
509	448.546
510	220.548
511	53.3351
512	0
513	34.4392
514	0
515	0
516	158.07
517	126.603
518	129.977
519	0
520	169.647
521	226.347
522	34.4392
523	12.2289
524	447.159
525	142.505
526	0
527	67.8794
528	156.228
529	9.11037
530	88.735
531	94.3585
532	87.0117
533	399.919
534	44.3217
535	0
536	85.9723
537	0
538	0
539	0
540	204.723
541	0
542	39.6245
543	0
544	0.745743
545	27.1728
546	0
547	211.393
548	53.3797
549	80.5438
550	26.7616
551	0
552	251.516
553	76.9321
554	209.023
555	0
556	0
557	0
558	0
559	137.739
560	0
561	0
562	0
563	251.516
564	111.232
565	144.317
566	40.6925
567	0
568	53.3351
569	0
570	98.547
571	0
572	0
573	0
574	25.9965
575	0
576	0
577	0
578	464.192
579	95.5806
580	52.2034
581	102.649
582	113.66
583	236.089
584	0
585	47.122
586	234.543
587	356.489
588	0
589	16.1576
590	222.688
591	356.69
592	14.3022
593	0
594	0
595	33.7095
596	0
597	30.6287
598	149.507
599	87.3844
600	0
601	101.653
602	63.7904
603	286.655
604	237.904
605	413.675
606	0
607	44.5826
608	10.6104
609	43.088
610	239.734
611	140.868
612	63.7904
613	0
614	0
615	0
616	0
617	0
618	39.9221
619	0
620	0
621	1044.87
622	0
623	0
624	61.02
625	1.72837
626	166.198
627	0
628	11.3273
629	87.1666
630	22.1887
631	0
632	0
633	358.174
634	93.174
635	384.195
636	73.7038
637	218.446
638	181.811
639	200.45
640	113.66
641	0
642	79.6152
643	27.8723
644	65.5412
645	0
646	100.263
647	288.593
648	0
649	225.168
650	90.8004
651	66.1675
652	0
653	52.3093
654	0
655	80.4759
656	0
657	0
658	142.091
659	61.7721
660	0
661	0
662	196.916
663	227.12
664	22.8029
665	0
666	114.12
667	762.894
668	42.0236
669	78.8009
670	42.0236
671	87.1982
672	0
673	375.795
674	0
675	70.9053
676	227.12
677	141.745
678	119.268
679	227.12
680	32.0457
681	235.839
682	180.488
683	0
684	464.426
685	0
686	0
687	14.7824
688	223.087
689	116.336
690	0
691	152.087
692	152.314
693	0
694	7.13215
695	109.566
696	0
697	1.15891
698	174.602
699	281.153
700	16.474
701	587.539
702	153.745
703	0
704	0
705	154.868
706	611.33
707	59.3887
708	59.3887
709	88.7595
710	102.948
711	102.948
712	69.6946
713	195.195
714	0
715	95.0318
716	378.432
717	0
718	113.318
719	0
720	113.318
721	113.318
722	0
723	0
724	42.3121
725	0
726	0
727	0
728	230.123
729	0
730	0
731	4.4509
732	0
733	68.0964
734	53.2683
735	172.482
736	180.941
737	25.6478
738	103.535
739	127.033
740	0
741	0
742	276.294
743	103.234
744	377.726
745	0
746	342.208
747	0
748	354.809
749	216.196
750	54.5072
751	0
752	35.7443
753	79.3673
754	0.830179
755	0
756	16.939
757	25.4442
758	436.928
759	9.2954
760	0
761	0
762	0
763	0
764	0
765	25.1758
766	2.76105
767	17.9975
768	0
769	89.7067
770	33.7185
771	38.3371
772	109.926
773	183.425
774	0.59278
775	50.1211
776	1.14329
777	69.8972
778	307.231
779	1.77528
780	0
781	0
782	262.167
783	34.621
784	242.819
785	79.6579
786	65.1987
787	0
788	387.236
789	56.0035
790	0
791	65.1987
792	22.7584
793	130.138
794	262.738
795	13.8824
796	338.58
797	137.221
798	338.58
799	0
800	106.543
801	517.71
802	233.37
803	0
804	63.0845
805	23.8018
806	87.0494
807	86.222
808	63.0929
809	0
810	5.85919
811	100.544
812	0
813	0
814	67.1591
815	557.302
816	72.9986
817	243.758
818	128.62
819	0
820	0
821	226.279
822	0
823	66.1257
824	0
825	95.9522
826	0
827	287.701
828	118.16
829	551.413
830	0
831	0
832	12.2826
833	0
834	0
835	39.8997
836	0
837	0
838	59.2351
839	70.3565
840	0
841	237.647
842	517.269
843	32.805
844	32.805
845	272.459
846	0
847	601.994
848	160.691
849	0
850	110.559
851	673.613
852	39.6212
853	79.355
854	27.3952
855	78.8481
856	240.532
857	0.0461096
858	12.961
859	1.41498
860	163.317
861	27.8068
862	161.541
863	327.615
864	0
865	93.5286
866	159.911
867	85.1269
868	0
869	21.3059
870	4.33039
871	252.623
872	119.547
873	0
874	0
875	2.97717
876	0
877	46.2115
878	0
879	481.557
880	42.0771
881	177.792
882	231.033
883	63.1568
884	40.0921
885	227.963
886	323.982
887	0
888	0
889	0
890	15.9849
891	0
892	241.104
893	54.8014
894	212.595
895	530.373
896	418.861
897	60.3335
898	163.205
899	66.7899
900	176.217
901	66.5331
902	41.2683
903	0
904	6.43291
905	152.616
906	135.072
907	52.5148
908	0
909	335.464
910	47.4378
911	0
912	132.115
913	0
914	104.244
915	0
916	5.24616
917	42.0837
918	686.235
919	389.694
920	318.959
921	35.5908
922	31.14
923	56.8748
924	44.334
925	0
926	399.161
927	0
928	131.928
929	0
930	38.2832
931	49.5076
932	15.6021
933	226.883
934	90.1705
935	0
936	174.283
937	0
938	44.6491
939	253.289
940	0
941	29.4629
942	8.22908
943	322.319
944	181.237
945	56.3361
946	22.7609
947	44.1007
948	159.31
949	0
950	0
951	112.317
952	0
953	260.921
954	54.5888
955	3.48191
956	219.611
957	0
958	89.6239
959	230.956
960	104.964
961	0
962	0
963	0
964	0
965	118.391
966	41.4229
967	687.821
968	0.576187
969	0
970	42.7955
971	46.3763
972	0
973	0
974	85.4329
975	12.6674
976	24.7505
977	343.319
978	92.954
979	229.61
980	285.746
981	118.391
982	0
983	17.237
984	118.391
985	0
986	149.612
987	0
988	311.781
989	0.249562
990	6.48219
991	0
992	145.582
993	103.229
994	4.55091
995	36.991
996	0
997	29.4324
998	0
999	0
1000	257.224
1001	553.767
1002	0
1003	363.917
1004	331.826
1005	0
1006	0
1007	378.902
1008	136.551
1009	157.808
1010	71.295
1011	0
1012	249.886
1013	0
1014	196.227
1015	61.2112
1016	0
1017	0
1018	81.8449
1019	0
1020	0
1021	127.251
1022	175.783
1023	711.183
1024	51.3991
1025	0
1026	210.399
1027	27.7496
1028	285.383
1029	110.931
1030	35.2802
1031	166.943
1032	0
1033	301.224
1034	176.575
1035	16.5978
1036	0
1037	0
1038	0
1039	194.038
1040	77.5505
1041	39.4854
1042	79.9675
1043	463.985
1044	71.2945
1045	0
1046	0
1047	0
1048	0
1049	115.91
1050	208.728
1051	13.2959
1052	39.7964
1053	101.45
1054	0
1055	222.837
1056	313.362
1057	164.439
1058	221.323
1059	272.71
1060	134.486
1061	64.2612
1062	96.8139
1063	0.484491
1064	117.46
1065	162.839
1066	0
1067	0
1068	0
1069	200.002
1070	75.2567
1071	257.14
1072	184.538
1073	41.1146
1074	207.225
1075	0
1076	160.964
1077	21.864
1078	16.285
1079	146.328
1080	256.468
1081	153.533
1082	0
1083	11.7152
1084	181.715
1085	0
1086	21.5664
1087	123.482
1088	69.2991
1089	0
1090	27.7472
1091	67.7714
1092	53.64
1093	438.875
1094	173.338
1095	18.1651
1096	355.688
1097	0
1098	36.5415
1099	0
1100	7.41683
1101	229.585
1102	101.022
1103	94.675
1104	0
1105	0
1106	0
1107	313.261
1108	215.525
1109	0
1110	52.3109
1111	0
1112	123.439
1113	1.47964
1114	233.002
1115	0
1116	50.7662
1117	4.93082
1118	271.862
1119	30.7957
1120	194.89
1121	90.0073
1122	69.0002
1123	73.9542
1124	267.17
1125	374.269
1126	0
1127	153.249
1128	253.659
1129	160.773
1130	16.9362
1131	287.199
1132	109.643
1133	299.796
1134	296.42
1135	0
1136	39.5035
1137	5.77127
1138	45.3021
1139	51.1512
1140	47.4324
1141	62.8052
1142	0
1143	76.1484
1144	139.286
1145	276.792
1146	0
1147	0
1148	124.881
1149	31.6141
1150	101.084
1151	279.274
1152	340.116
1153	477.589
1154	111.215
1155	0
1156	457.67
1157	502.314
1158	234.814
1159	16.0663
1160	128.383
1161	194.057
1162	264.214
1163	98.6188
1164	15.1907
1165	91.7215
1166	5.56818
1167	31.6983
1168	128.64
1169	343.799
1170	60.0039
1171	45.2191
1172	10.9038
1173	42.4811
1174	1.97991
1175	20.2527
1176	0
1177	0
1178	14.9969
1179	176.397
1180	0
1181	227.013
1182	430.765
1183	202.28
1184	0
1185	16.0673
1186	0
1187	114.776
1188	0
1189	16.2388
1190	0
1191	0
1192	28.5144
1193	0
1194	137.795
1195	137.795
1196	137.795
1197	118.928
1198	261.161
1199	0
1200	0
1201	15.5884
1202	0
1203	204.279
1204	130.2
1205	104.129
1206	9.8215
1207	74.6036
1208	0
1209	0
1210	0
1211	118.006
1212	0
1213	76.5908
1214	4.47683
1215	69.88
1216	0
1217	151.9
1218	310.431
1219	77.7747
1220	114.745
1221	110.831
1222	0
1223	118.387
1224	0
1225	0
1226	6.56834
1227	61.4844
1228	0
1229	0
1230	0
1231	110.755
1232	0
1233	41.159
1234	0
1235	3.02743
1236	60.6176
1237	105.356
1238	169.718
1239	488.478
1240	161.198
1241	252.293
1242	84.688
1243	24.6991
1244	76.2132
1245	23.7355
1246	0
1247	317.54
1248	89.6089
1249	154.853
1250	662.151
1251	132.227
1252	0
1253	210.975
1254	0
1255	149.42
1256	406.635
1257	0
1258	0
1259	0
1260	0
1261	118.097
1262	279.04
1263	78.3647
1264	105.706
1265	175.964
1266	243.417
1267	5.77558
1268	0
1269	0.158279
1270	0
1271	60.7606
1272	176.459
1273	41.9721
1274	0
1275	0
1276	40.6558
1277	203.913
1278	36.6033
1279	454.684
1280	0
1281	84.7635
1282	67.6309
1283	58.9034
1284	113.52
1285	75.5641
1286	252.708
1287	92.3952
1288	196.57
1289	0
1290	0
1291	0
1292	30.3734
1293	144.464
1294	0
1295	0
1296	0
1297	146.449
1298	63.249
1299	0
1300	106.821
1301	0
1302	0
1303	84.7635
1304	166.649
1305	143.966
1306	48.9388
1307	0
1308	0
1309	0
1310	162.829
1311	178.811
1312	4.37714
1313	215.908
1314	63.8678
1315	146.574
1316	483.577
1317	146.574
1318	6.92963
1319	82.0191
1320	212.843
1321	212.843
1322	212.843
1323	46.2319
1324	212.843
1325	223.561
1326	178.287
1327	3.24648
1328	94.3246
1329	268.426
1330	81.2211
1331	0.0738685
1332	276.542
1333	38.6013
1334	319.817
1335	210.124
1336	15.3444
1337	28.8181
1338	9.2619
1339	8.52047
1340	0
1341	40.4296
1342	80.0488
1343	0
1344	20.2333
1345	192.162
1346	598.664
1347	463.462
1348	4.43163
1349	0
1350	72.3985
1351	117.526
1352	224.762
1353	0
1354	80.6411
1355	56.7536
1356	223.335
1357	80.6411
1358	0
1359	0.108034
1360	0
1361	0
1362	6.46213
1363	39.1888
1364	337.178
1365	257.076
1366	29.6879
1367	0
1368	0
1369	195.014
1370	0
1371	268.221
1372	0
1373	485.527
1374	5.99772
1375	0
1376	125.324
1377	485.527
1378	48.1733
1379	71.2628
1380	432.248
1381	78.6194
1382	98.9076
1383	117.031
1384	299.52
1385	279.642
1386	0
1387	107.93
1388	167.723
1389	92.0678
1390	326.336
1391	52.0713
1392	61.1091
1393	46.0808
1394	77.1698
1395	144.94
1396	134.372
1397	0
1398	49.4992
1399	180.812
1400	0
1401	52.8774
1402	38.2015
1403	52.8774
1404	146.211
1405	79.0997
1406	0
1407	183.887
1408	5.2252
1409	0
1410	0
1411	258.216
1412	77.3618
1413	49.9315
1414	163.729
1415	191.164
1416	14.3574
1417	519.35
1418	181.769
1419	219.96
1420	54.0083
1421	0
1422	65.5042
1423	0
1424	50.6747
1425	77.5054
1426	0
1427	113.038
1428	27.0197
1429	94.0482
1430	50.8464
1431	136.961
1432	0
1433	24.7036
1434	0
1435	0
1436	114.757
1437	0
1438	28.1128
1439	2.48665
1440	0
1441	106.314
1442	6.9848
1443	73.4712
1444	160.407
1445	50.4702
1446	7.1263
1447	165.353
1448	0
1449	33.7053
1450	150.333
1451	56.752
1452	300.14
1453	46.9593
1454	257.946
1455	284.954
1456	100.968
1457	222.699
1458	276.249
1459	276.305
1460	110.9
1461	16.34
1462	247.146
1463	219.102
1464	75.8573
1465	115.776
1466	486.966
1467	93.2467
1468	45.3376
1469	2.24343
1470	0
1471	224.213
1472	20.709
1473	360.005
1474	16.0035
1475	0
1476	33.3239
1477	229.825
1478	256.899
1479	0
1480	0
1481	185.773
1482	108.511
1483	25.7367
1484	192.662
1485	40.375
1486	4.86202
1487	0
1488	294.943
1489	155.87
1490	60.9712
1491	0
1492	94.4244
1493	365.162
1494	313.84
1495	76.3038
1496	2.97823
1497	408.969
1498	228.728
1499	47.8942
1500	9.04529
1501	2.01312
1502	115.27
1503	0
1504	0.257657
1505	140.62
1506	244.441
1507	43.8369
1508	0
1509	0
1510	7.77838
1511	73.4734
1512	161.353
1513	0
1514	147.049
1515	37.6949
1516	0
1517	29.332
1518	156.774
1519	0
1520	274.275
1521	9.59599
1522	0.405836
1523	190.702
1524	104.532
1525	0
1526	73.9831
1527	0
1528	457.591
1529	0
1530	124.514
1531	238.414
1532	42.0888
1533	0
1534	10.8121
1535	0
1536	0
1537	0
1538	572.819
1539	0
1540	224.327
1541	45.0376
1542	96.4819
1543	56.3343
1544	0
1545	359.337
1546	191.081
1547	124.51
1548	234.234
1549	382.747
1550	0
1551	44.7962
1552	0
1553	179.302
1554	244.254
1555	64.2312
1556	0
1557	0
1558	36.6303
1559	156.041
1560	11.1263
1561	187.848
1562	56.5381
1563	89.6409
1564	224.327
1565	177.593
1566	6.73985
1567	0
1568	0
1569	441.874
1570	0
1571	224.442
1572	68.0408
1573	91.923
1574	0
1575	0
1576	0
1577	168.641
1578	43.7952
1579	54.6069
1580	57.2731
1581	69.9536
1582	728.752
1583	29.6798
1584	332.206
1585	100.411
1586	406.532
1587	0
1588	0
1589	0
1590	0
1591	0
1592	0
1593	117.477
1594	72.8727
1595	74.1712
1596	241.915
1597	135.297
1598	0.394441
1599	74.1712
1600	94.5208
1601	26.4529
1602	190.162
1603	23.4604
1604	90.118
1605	0
1606	190.162
1607	0
1608	138.687
1609	138.687
1610	0
1611	0
1612	19.9502
1613	307.182
1614	0
1615	0
1616	0
1617	77.9625
1618	45.8251
1619	46.8913
1620	387.461
1621	0
1622	0
1623	0
1624	32.2136
1625	68.5304
1626	266.237
1627	163.051
1628	309.881
1629	0
1630	43.597
1631	45.8433
1632	114.24
1633	228.681
1634	73.027
1635	2.5516
1636	174.241
1637	302.156
1638	53.1443
1639	130.362
1640	109.142
1641	16.3847
1642	99.8087
1643	19.4482
1644	227.299
1645	0
1646	186.488
1647	421.597
1648	28.3439
1649	227.703
1650	0
1651	2.52675
1652	374.843
1653	0
1654	40.3898
1655	131.166
1656	486.281
1657	41.0807
1658	0
1659	339.252
1660	286.74
1661	13.7478
1662	168.091
1663	60.6316
1664	0
1665	40.2581
1666	233.738
1667	0
1668	136.53
1669	83.723
1670	127.718
1671	146.915
1672	0
1673	80.7743
1674	151.4
1675	189.446
1676	444.388
1677	30.1132
1678	0.584909
1679	152.749
1680	31.8749
1681	309.133
1682	191.888
1683	0.333621
1684	16.2407
1685	0
1686	243.132
1687	42.2481
1688	591.671
1689	173.125
1690	389.542
1691	0
1692	347.198
1693	261.625
1694	0
1695	228.244
1696	21.3863
1697	7.32763
1698	0
1699	188.243
1700	47.2895
1701	2.28645
1702	37.165
1703	0
1704	167.906
1705	37.165
1706	133.478
1707	37.165
1708	0
1709	0
1710	38.9137
1711	0
1712	235.717
1713	0
1714	20.3909
1715	125.863
1716	100.371
1717	0
1718	262.299
1719	39.5253
1720	0
1721	0
1722	168.188
1723	582.158
1724	234.002
1725	52.9904
1726	194.294
1727	237.635
1728	0
1729	7.90869
1730	0
1731	9.74293
1732	106.668
1733	146.875
1734	53.283
1735	0
1736	137.206
1737	53.4094
1738	0
1739	16.9976
1740	27.0087
1741	316.033
1742	383.399
1743	0
1744	43.5492
1745	0
1746	168.188
1747	0
1748	309.903
1749	0
1750	57.2879
1751	0
1752	0
1753	0
1754	523.317
1755	0
1756	20.0566
1757	0
1758	0
1759	402.623
1760	256.081
1761	302.756
1762	372.238
1763	0
1764	0
1765	0
1766	132.318
1767	0
1768	205.585
1769	737.575
1770	289.708
1771	0
1772	548.015
1773	634.953
1774	50.0093
1775	25.8021
1776	97.3207
1777	111.442
1778	283.123
1779	298.976
1780	0
1781	98.6187
1782	26.4199
1783	0
1784	0
1785	90.6558
1786	124.035
1787	124.839
1788	32.8035
1789	0
1790	28.6624
1791	0
1792	125.105
1793	120.49
1794	119.809
1795	23.8687
1796	0
1797	60.4893
1798	243.477
1799	10.3314
1800	101.368
1801	146.183
1802	72.0103
1803	0
1804	10.1537
1805	0
1806	243.267
1807	314.406
1808	124.326
1809	0
1810	103.141
1811	0
1812	501.09
1813	145.222
1814	0
1815	0
1816	231.794
1817	102.451
1818	19.1083
1819	0
1820	78.5009
1821	231.963
1822	65.0251
1823	52.1686
1824	151.884
1825	218.292
1826	294.104
1827	180.827
1828	33.4694
1829	0
1830	31.1959
1831	181.959
1832	36.4483
1833	84.2907
1834	115.652
1835	62.6487
1836	0
1837	3.73014
1838	57.0971
1839	0
1840	88.3685
1841	0
1842	125.501
1843	131.717
1844	0
1845	202.124
1846	61.0768
1847	0
1848	163.838
1849	228.422
1850	122.52
1851	485.403
1852	140.08
1853	72.6888
1854	225.163
1855	39.4701
1856	0
1857	115.557
1858	0
1859	0
1860	206.16
1861	2.50593
1862	0
1863	81.599
1864	45.8554
1865	105.782
1866	405.285
1867	176.035
1868	542.769
1869	136.921
1870	0.609882
1871	9.62671
1872	0
1873	128.444
1874	229.187
1875	0
1876	0
1877	0
1878	40.3239
1879	0
1880	1.13091
1881	250.364
1882	41.6802
1883	0
1884	406.447
1885	126.725
1886	22.2643
1887	183.76
1888	1.11737
1889	0
1890	174.079
1891	391.05
1892	0
1893	0
1894	45.8322
1895	24.169
1896	151.525
1897	81.215
1898	301.22
1899	168.304
1900	191.608
1901	0
1902	116.07
1903	28.3229
1904	496.227
1905	77.7538
1906	191.608
1907	20.9216
1908	191.608
1909	234.58
1910	49.7424
1911	110.318
1912	22.4465
1913	110.318
1914	610.322
1915	139.377
1916	139.377
1917	255.102
1918	255.102
1919	255.102
1920	0
1921	0
1922	596.766
1923	83.0902
1924	0
1925	676.646
1926	0
1927	261.848
1928	98.6031
1929	284.012
1930	295.558
1931	76.9914
1932	160.08
1933	237.11
1934	37.1416
1935	66.9018
1936	331.329
1937	171.208
1938	140.533
1939	199.125
1940	57.9744
1941	0.268197
1942	43.7661
1943	121.245
1944	210.911
1945	44.4813
1946	231.307
1947	0
1948	150.54
1949	132.736
1950	97.3351
1951	154.419
1952	186.19
1953	48.2523
1954	65.104
1955	27.096
1956	0
1957	117.601
1958	3.05774
1959	32.5366
1960	153.656
1961	0
1962	128.259
1963	0
1964	280.972
1965	169.807
1966	0
1967	89.3991
1968	121.068
1969	0
1970	220.392
1971	0.0972585
1972	86.0712
1973	87.6247
1974	58.2486
1975	193.92
1976	58.9038
1977	81.6088
1978	329.739
1979	248.741
1980	70.7387
1981	0
1982	42.2893
1983	0
1984	89.8203
1985	634.28
1986	0
1987	64.6026
1988	0
1989	26.7665
1990	10.8075
1991	393.947
1992	86.024
1993	101.173
1994	677.184
1995	239.806
1996	58.8467
1997	596.638
1998	131.972
1999	206.997
2000	207.798
2001	47.1732
2002	0
2003	0
2004	37.1334
2005	69.0616
2006	52.8521
2007	0
2008	0
2009	641.662
2010	13.8712
2011	8.2224
2012	16.7815
2013	105.193
2014	131.247
2015	57.1009
2016	79.9028
2017	13.4675
2018	91.4435
2019	25.3159
2020	94.0389
2021	1.36163
2022	0
2023	0
2024	577.778
2025	0
2026	370.311
2027	0
2028	0
2029	1.06531
2030	247.039
2031	5.72084
2032	254.51
2033	125.341
2034	122.495
2035	0
2036	19.181
2037	59.6515
2038	128.155
2039	53.3793
2040	118.766
2041	4.9671
2042	0
2043	111.669
2044	194.445
2045	0
2046	238.253
2047	89.9434
2048	0
2049	89.9434
2050	252.84
2051	19.2319
2052	123.377
2053	0
2054	68.3648
2055	94.2988
2056	824.186
2057	176.495
2058	38.992
2059	12.4118
2060	0
2061	210.633
2062	0
2063	189.837
2064	950.754
2065	53.3777
2066	48.8082
2067	155.085
2068	100.642
2069	0
2070	0
2071	123.377
2072	19.2319
2073	89.9434
2074	0
2075	676.94
2076	0
2077	380.293
2078	0
2079	49.9574
2080	0
2081	0
2082	0
2083	0
2084	44.7148
2085	367.475
2086	0
2087	596.553
2088	596.553
2089	0
2090	0
2091	641.032
2092	641.032
2093	136.154
2094	193.071
2095	193.071
2096	94.1402
2097	0.972332
2098	2.85705
2099	0
2100	257.695
2101	40.6509
2102	55.8341
2103	29.8082
2104	16.8867
2105	49.7749
2106	6.13395
2107	175.852
2108	211.831
2109	0
2110	15.1688
2111	0
2112	36.9733
2113	1.05137
2114	31.918
2115	142.965
2116	239.974
2117	233.708
2118	264.323
2119	0
2120	124.418
2121	87.4421
2122	0
2123	0
2124	70.8561
2125	223.186
2126	0
2127	0
2128	0
2129	0
2130	134.976
2131	0
2132	408.024
2133	31.4029
2134	67.9712
2135	14.2202
2136	180.932
2137	254.481
2138	95.9471
2139	55.1388
2140	47.2108
2141	99.896
2142	55.1388
2143	23.3917
2144	52.51
2145	0
2146	235.53
2147	240.258
2148	249.712
2149	18.6644
2150	67.3954
2151	58.0452
2152	0
2153	0
2154	117.255
2155	145.614
2156	11.1798
2157	316.299
2158	0
2159	49.3777
2160	45.7514
2161	0
2162	10.9218
2163	71.0314
2164	0
2165	121.077
2166	0
2167	98.9082
2168	381.309
2169	0
2170	0
2171	28.8264
2172	124.703
2173	171.004
2174	0
2175	0
2176	169.484
2177	393.732
2178	96.5016
2179	0
2180	0
2181	41.1579
2182	0
2183	0
2184	168.404
2185	98.7986
2186	41.1221
2187	120.649
2188	0.13298
2189	601.668
2190	159.773
2191	27.4702
2192	213.469
2193	601.668
2194	44.713
2195	147.906
2196	438.416
2197	0
2198	145.527
2199	25.355
2200	1.40168
2201	0.0713253
2202	339.067
2203	29.2254
2204	281.604
2205	24.2833
2206	0
2207	0
2208	189.885
2209	0
2210	0
2211	0
2212	0
2213	13.294
2214	46.6346
2215	35.6279
2216	54.0262
2217	410.663
2218	0
2219	0
2220	27.9823
2221	0.0747485
2222	351.455
2223	84.7691
2224	245.602
2225	171.974
2226	21.8566
2227	143.445
2228	143.445
2229	462.3
2230	4.48031
2231	0
2232	59.2408
2233	24.7516
2234	389.487
2235	47.8006
2236	378.374
2237	246.697
2238	39.3081
2239	13.51
2240	0
2241	378.374
2242	14.1498
2243	196.935
2244	71.3727
2245	243.339
2246	155.452
2247	0
2248	323.361
2249	418.727
2250	295.207
2251	0
2252	87.5718
2253	89.8015
2254	0
2255	41.1263
2256	0.488286
2257	265.743
2258	36.5244
2259	0
2260	0
2261	194.164
2262	276.858
2263	36.8934
2264	603.35
2265	119.279
2266	79.2274
2267	0
2268	170.15
2269	221.547
2270	0
2271	0
2272	31.4013
2273	218.475
2274	136.597
2275	122.687
2276	268.953
2277	0
2278	52.4336
2279	0
2280	150.009
2281	266.598
2282	0
2283	0
2284	133.248
2285	0
2286	181.462
2287	0
2288	14.846
2289	42.5144
2290	75.8233
2291	29.7129
2292	175.431
2293	90.8935
2294	42.4673
2295	0
2296	4.28893
2297	132.553
2298	5.72494
2299	0
2300	183.337
2301	75.1146
2302	235.731
2303	6.40108
2304	298.958
2305	0
2306	0
2307	72.9553
2308	72.9553
2309	0
2310	0
2311	45.0556
2312	229.04
2313	191.133
2314	59.0243
2315	44.2843
2316	0
2317	8.2409
2318	137.208
2319	148.888
2320	110.816
2321	0
2322	0
2323	17.0397
2324	17.0397
2325	67.7617
2326	53.5667
2327	2.30785
2328	920.209
2329	113.477
2330	326.241
2331	252.727
2332	0
2333	0
2334	137.33
2335	15.991
2336	0.100775
2337	61.1072
2338	506.22
2339	0
2340	345.119
2341	0
2342	31.7936
2343	145.546
2344	93.4926
2345	0
2346	0
2347	0
2348	198.496
2349	67.966
2350	53.5667
2351	74.6323
2352	719.615
2353	0
2354	78.8994
2355	98.443
2356	41.5938
2357	115.704
2358	168.031
2359	238.932
2360	4.44029
2361	9.13636
2362	0
2363	59.4021
2364	0
2365	333.117
2366	79.0076
2367	252.103
2368	0
2369	0
2370	73.5071
2371	75.1962
2372	187.036
2373	207.344
2374	65.8572
2375	0
2376	8.05876
2377	96.8931
2378	83.113
2379	139.565
2380	0
2381	60.3979
2382	29.888
2383	41.1812
2384	41.9574
2385	0
2386	544.373
2387	0
2388	544.373
2389	0
2390	0
2391	71.7851
2392	332.105
2393	2.82187
2394	138.01
2395	176.749
2396	4.06635
2397	78.5353
2398	46.3644
2399	134.342
2400	222.749
2401	0
2402	134.773
2403	80.9382
2404	26.7926
2405	155.237
2406	104.184
2407	0
2408	131.407
2409	538.126
2410	0
2411	659.339
2412	32.0929
2413	238.221
2414	0
2415	2.15642
2416	198.58
2417	268.946
2418	490.882
2419	281.57
2420	124.997
2421	0
2422	127.859
2423	0
2424	0
2425	67.6064
2426	55.7314
2427	79.3622
2428	97.9198
2429	63.1956
2430	0.123206
2431	302.264
2432	23.3861
2433	90.7412
2434	56.9874
2435	0
2436	0
2437	99.5737
2438	102.902
2439	275.667
2440	3.10669
2441	0
2442	0
2443	0
2444	0
2445	10.4657
2446	0.0307097
2447	89.9199
2448	63.6161
2449	80.5818
2450	0
2451	217.521
2452	411.08
2453	119.412
2454	0
2455	369.678
2456	217.014
2457	0
2458	3.52545
2459	0
2460	199.989
2461	83.9467
2462	116.811
2463	0
2464	162.369
2465	131.718
2466	269.38
2467	154.115
2468	66.0569
2469	30.2188
2470	142.211
2471	228.901
2472	77.9079
2473	267.087
2474	146.873
2475	0
2476	77.8997
2477	103.627
2478	0
2479	0
2480	0
2481	0
2482	58.4237
2483	196.579
2484	290.259
2485	3.19768
2486	39.9303
2487	55.1065
2488	122.546
2489	393.052
2490	175.445
2491	0
2492	0
2493	11.8531
2494	0
2495	12.1293
2496	53.4569
2497	13.7767
2498	55.1065
2499	0
2500	92.7334
2501	129.812
2502	47.235
2503	22.8993
2504	12.4306
2505	168.551
2506	140.781
2507	0
2508	45.5125
2509	105.159
2510	44.7838
2511	221.872
2512	87.2904
2513	0
2514	389.435
2515	192.42
2516	131.091
2517	0
2518	0.00847115
2519	68.6487
2520	444.896
2521	0
2522	0
2523	0
2524	247.087
2525	189.382
2526	2.15129
2527	18.3414
2528	133.432
2529	168.551
2530	0
2531	220.083
2532	3.22114
2533	161.174
2534	124.19
2535	415.59
2536	138.835
2537	61.5581
2538	133.432
2539	0
2540	146.71
2541	0
2542	3.22114
2543	28.059
2544	0
2545	0
2546	138.732
2547	117.701
2548	127.092
2549	111.307
2550	261.021
2551	103.544
2552	117.701
2553	125.297
2554	0
2555	0
2556	145.602
2557	0
2558	100.073
2559	0
2560	341.406
2561	386.733
2562	22.7111
2563	117.434
2564	116.901
2565	39.644
2566	116.901
2567	243.161
2568	0
2569	73.4149
2570	73.4149
2571	184.48
2572	184.48
2573	14.6462
2574	0
2575	0
2576	0
2577	328.209
2578	7.95164
2579	372.777
2580	0
2581	0
2582	0
2583	15.2687
2584	290.266
2585	45.2397
2586	77.5453
2587	11.4454
2588	153.999
2589	0
2590	80.2945
2591	308.042
2592	0
2593	0
2594	245.245
2595	0
2596	42.3109
2597	303.608
2598	40.9888
2599	0
2600	206.489
2601	113.06
2602	107.071
2603	6.52962
2604	58.6933
2605	44.9017
2606	3.80442
2607	5.92329
2608	179.724
2609	571.952
2610	133.733
2611	119.575
2612	92.3693
2613	67.6301
2614	508.05
2615	80.3202
2616	185.185
2617	137.306
2618	77.1841
2619	187.751
2620	95.1491
2621	0
2622	310.124
2623	17.2302
2624	0.959946
2625	237.095
2626	0
2627	85.2803
2628	255.048
2629	72.4664
2630	97.7326
2631	0
2632	355.965
2633	0
2634	22.3591
2635	33.3507
2636	134.396
2637	0
2638	0
2639	0
2640	0.656601
2641	88.0763
2642	0
2643	406.739
2644	125.693
2645	209.105
2646	454.01
2647	246.217
2648	0
2649	0
2650	17.9058
2651	253.581
2652	0
2653	0
2654	185.447
2655	199.941
2656	0
2657	0
2658	0
2659	451.92
2660	444.652
2661	173.341
2662	702.438
2663	0
2664	102.369
2665	133.371
2666	0
2667	64.5295
2668	12.4147
2669	12.4147
2670	250.043
2671	74.7043
2672	50.2451
2673	79.495
2674	144.973
2675	36.2401
2676	0.017613
2677	180.94
2678	125.576
2679	2.64868
2680	840.583
2681	212.08
2682	333.421
2683	143.634
2684	0
2685	241.734
2686	241.734
2687	191.986
2688	11.3254
2689	120.279
2690	288.239
2691	236.599
2692	0
2693	31.8086
2694	215.479
2695	74.7784
2696	159.112
2697	0
2698	7.43237
2699	0
2700	36.7435
2701	32.5024
2702	346.003
2703	0
2704	237.158
2705	1.4199
2706	0
2707	0
2708	0
2709	33.2246
2710	187.484
2711	385.83
2712	373.8
2713	299.942
2714	223.164
2715	0
2716	0
2717	0
2718	0
2719	0
2720	0
2721	167.857
2722	87.8694
2723	4.40339
2724	222.743
2725	0.218278
2726	3.60475
2727	243.513
2728	0
2729	0
2730	58.8987
2731	252.446
2732	216.793
2733	0
2734	0
2735	0.284753
2736	0
2737	250.979
2738	0
2739	0
2740	163.823
2741	0
2742	159.881
2743	623.702
2744	301.387
2745	301.387
2746	301.387
2747	257.419
2748	38.2136
2749	187.705
2750	78.03
2751	69.8808
2752	425.978
2753	10.1496
2754	279.78
2755	0
2756	246.604
2757	0
2758	89.1176
2759	391.43
2760	124.097
2761	0
2762	186.214
2763	120.386
2764	210.474
2765	206.821
2766	128.259
2767	0.846763
2768	48.9296
2769	71.4705
2770	0
2771	157.748
2772	100.652
2773	279.472
2774	26.9295
2775	100.652
2776	26.7547
2777	0
2778	0
2779	0
2780	45.4892
2781	529.486
2782	427.801
2783	30.3726
2784	22.7866
2785	0
2786	55.9879
2787	0
2788	78.7238
2789	71.6248
2790	41.9236
2791	14.0618
2792	279.814
2793	149.608
2794	348.317
2795	63.0174
2796	0
2797	104.986
2798	0
2799	191.909
2800	26.8944
2801	163.528
2802	0.883284
2803	15.731
2804	0
2805	244.328
2806	437.815
2807	479.4
2808	0
2809	1.59202
2810	0
2811	33.0778
2812	53.3398
2813	0
2814	295.852
2815	0
2816	149.176
2817	92.3931
2818	228.655
2819	265.756
2820	0
2821	19.4313
2822	21.9737
2823	0
2824	21.9737
2825	0
2826	0
2827	0
2828	0
2829	493.433
2830	75.2398
2831	0
2832	0
2833	277.234
2834	0.0284574
2835	48.1407
2836	277.234
2837	48.6647
2838	117.126
2839	0
2840	0.25708
2841	85.6454
2842	10.1017
2843	0
2844	26.028
2845	13.1198
2846	0
2847	15.6434
2848	85.7016
2849	128.994
2850	128.994
2851	391.219
2852	0
2853	402.046
2854	148.537
2855	47.4015
2856	1.15283
2857	158.733
2858	460.209
2859	0
2860	127.54
2861	18.7098
2862	49.4106
2863	127.54
2864	149.62
2865	18.7098
2866	0
2867	3.41037
2868	150.244
2869	0
2870	103.345
2871	0
2872	97.3838
2873	277.639
2874	91.7228
2875	62.5326
2876	118.961
2877	103.516
2878	103.516
2879	1.25951
2880	594.956
2881	0
2882	0
2883	0
2884	0
2885	47.7058
2886	0.0264208
2887	0
2888	103.516
2889	236.153
2890	87.7619
2891	145.409
2892	233.533
2893	49.4711
2894	0
2895	129.946
2896	55.0821
2897	30.7175
2898	180.611
2899	55.0253
2900	8.21005
2901	0
2902	202.702
2903	222.991
2904	27.5048
2905	62.5317
2906	78.1201
2907	0
2908	226.826
2909	0
2910	308.141
2911	0
2912	0
2913	176.849
2914	0
2915	220.517
2916	72.7385
2917	297.913
2918	232.728
2919	286.113
2920	0
2921	0
2922	0
2923	16.799
2924	0
2925	0
2926	0
2927	1.94651
2928	0.176093
2929	50.1933
2930	0
2931	195.304
2932	0
2933	58.955
2934	170.397
2935	28.8184
2936	0
2937	28.8184
2938	0
2939	14.8279
2940	331.606
2941	92.8043
2942	264.689
2943	197.229
2944	164.294
2945	0
2946	196.985
2947	0
2948	16.2919
2949	0
2950	0
2951	76.9575
2952	4.38917
2953	0
2954	0
2955	22.0245
2956	34.176
2957	0.294461
2958	200.916
2959	113.336
2960	67.2876
2961	279.419
2962	69.1372
2963	9.1578
2964	0.368212
2965	0
2966	127.941
2967	350.115
2968	225.053
2969	37.7396
2970	110.887
2971	9.41556
2972	0
2973	33.4124
2974	293.218
2975	160.681
2976	99.5476
2977	96.3681
2978	226.406
2979	9.15861
2980	96.3681
2981	10.9699
2982	0
2983	78.2022
2984	6.82
2985	0
2986	172.309
2987	213.874
2988	39.2026
2989	0
2990	0
2991	0
2992	222.276
2993	197.09
2994	0
2995	111.742
2996	241.278
2997	30.8995
2998	0.15137
2999	107.74
3000	0
3001	441.331
3002	61.74
3003	100.053
3004	0
3005	87.9299
3006	0
3007	0
3008	0.0215219
3009	88.5849
3010	0
3011	0
3012	0
3013	0
3014	88.9475
3015	1.70978
3016	0.0574
3017	85.0985
3018	274.666
3019	222.796
3020	203.309
3021	142.2
3022	28.7891
3023	17.4447
3024	0
3025	0
3026	44.5938
3027	46.3962
3028	45.3672
3029	183.029
3030	11.7948
3031	0
3032	104.667
3033	93.8307
3034	0
3035	176.753
3036	114.795
3037	137.838
3038	51.5094
3039	147.654
3040	0
3041	78.7692
3042	179.927
3043	371.149
3044	360.61
3045	0
3046	132.067
3047	88.9141
3048	88.756
3049	0
3050	0
3051	64.6841
3052	139.734
3053	0
3054	57.2093
3055	0
3056	198.324
3057	12.3755
3058	91.7261
3059	91.7261
3060	0
3061	0
3062	0
3063	0
3064	0
3065	0
3066	182.227
3067	0
3068	0
3069	33.2286
3070	0
3071	141.428
3072	0
3073	36.1464
3074	17.3575
3075	20.877
3076	0
3077	0
3078	0
3079	0
3080	50.0897
3081	0
3082	114.709
3083	0
3084	158.32
3085	251.978
3086	0
3087	0
3088	0
3089	57.9279
3090	154.265
3091	0.988911
3092	96.2028
3093	77.2428
3094	57.2946
3095	246.616
3096	65.0819
3097	63.4316
3098	38.2269
3099	257.928
3100	139.004
3101	0
3102	186.115
3103	224.044
3104	83.2537
3105	236.2
3106	0.695098
3107	0
3108	659.576
3109	261.072
3110	116.671
3111	84.197
3112	113.089
3113	9.67464
3114	12.6883
3115	379.126
3116	0
3117	14.4043
3118	44.9795
3119	7.9274
3120	0
3121	0
3122	53.0531
3123	179.464
3124	2.48057
3125	310.336
3126	117.64
3127	130.536
3128	246.093
3129	416.472
3130	70.6061
3131	241.377
3132	21.2111
3133	41.5051
3134	0
3135	175.665
3136	0
3137	0
3138	0
3139	0
3140	0
3141	17.7379
3142	20.7042
3143	544.426
3144	0
3145	0
3146	199.733
3147	30.4165
3148	0
3149	0
3150	387.068
3151	182.103
3152	0
3153	78.1738
3154	43.2566
3155	10.5971
3156	0
3157	97.8647
3158	257.351
3159	174.347
3160	103.062
3161	0
3162	276.469
3163	150.802
3164	0
3165	33.2696
3166	54.7854
3167	58.1738
3168	56.3887
3169	256.565
3170	172.326
3171	70.1623
3172	82.6553
3173	0
3174	98.2459
3175	0
3176	76.2094
3177	54.06
3178	0
3179	81.3849
3180	279.733
3181	391.328
3182	53.4434
3183	0
3184	12.6198
3185	0
3186	821.451
3187	33.0492
3188	28.5567
3189	3.27094
3190	140.494
3191	92.4932
3192	297.898
3193	0
3194	60.6408
3195	210.91
3196	22.0109
3197	0
3198	114.273
3199	0
3200	166.066
3201	29.9971
3202	32.3213
3203	0
3204	261.305
3205	47.1969
3206	0.449702
3207	201.42
3208	69.2779
3209	0
3210	147.624
3211	0
3212	0
3213	466.803
3214	95.4203
3215	82.6496
3216	246.442
3217	0
3218	63.7566
3219	0
3220	0
3221	202.12
3222	267.029
3223	435.221
3224	158.11
3225	31.6647
3226	0
3227	592.727
3228	169.95
3229	128.389
3230	12.8614
3231	2.06143
3232	29.0035
3233	85.4336
3234	77.016
3235	0
3236	145.021
3237	18.578
3238	1.27785
3239	568.996
3240	325.216
3241	78.6264
3242	119.556
3243	44.7733
3244	89.7898
3245	0
3246	0
3247	0
3248	19.2048
3249	442.299
3250	0
3251	552.661
3252	0
3253	0
3254	0
3255	76.9909
3256	201.051
3257	31.2866
3258	209.36
3259	170.574
3260	149.461
3261	87.0578
3262	196.526
3263	0
3264	0
3265	23.6111
3266	0
3267	49.452
3268	147.768
3269	114.803
3270	234.682
3271	293.406
3272	0
3273	0
3274	135.502
3275	101.555
3276	4.46866
3277	636.56
3278	0
3279	0.804103
3280	21.4635
3281	0
3282	197.625
3283	113.494
3284	0.0239368
3285	19.8755
3286	0
3287	50.0929
3288	0
3289	226.225
3290	1.50667
3291	232.347
3292	0
3293	48.6458
3294	0
3295	167.061
3296	0
3297	87.7998
3298	75.6354
3299	39.24
3300	168.99
3301	236.826
3302	103.957
3303	0
3304	0
3305	359.628
3306	267.738
3307	818.29
3308	0
3309	208.747
3310	166.871
3311	0
3312	63.6268
3313	17.2508
3314	39.966
3315	4.39896
3316	498.398
3317	177.171
3318	67.1623
3319	0
3320	2.22435
3321	0
3322	0
3323	222.081
3324	19.3788
3325	0
3326	198.061
3327	19.5164
3328	443.013
3329	0.049643
3330	0
3331	372.116
3332	37.5213
3333	793.871
3334	76.8265
3335	0
3336	2.32352
3337	168.92
3338	0
3339	131.848
3340	16.3181
3341	260.882
3342	68.6769
3343	48.2979
3344	169.265
3345	65.9358
3346	103.781
3347	476
3348	0
3349	227.516
3350	0
3351	81.8236
3352	146.339
3353	0
3354	0
3355	101.266
3356	0
3357	324.07
3358	33.1506
3359	35.2294
3360	54.2019
3361	385.644
3362	120.083
3363	210.168
3364	0
3365	39.6123
3366	24.3313
3367	182.651
3368	189.227
3369	67.2279
3370	125.41
3371	6.55951
3372	92.849
3373	121.831
3374	0
3375	337.921
3376	0
3377	2.39753
3378	52.0826
3379	184.797
3380	0
3381	0
3382	0
3383	190.107
3384	418.563
3385	34.725
3386	46.5059
3387	0
3388	0
3389	0
3390	44.9548
3391	0
3392	74.8138
3393	156.441
3394	108.522
3395	25.7032
3396	142.247
3397	509.919
3398	27.3825
3399	74.8502
3400	281.916
3401	87.7222
3402	123.981
3403	162.815
3404	0
3405	0
3406	119.644
3407	14.1169
3408	21.3117
3409	510.541
3410	0
3411	265.493
3412	53.8046
3413	0
3414	0
3415	78.0033
3416	0.0516306
3417	0
3418	276.198
3419	300.677
3420	37.8963
3421	71.0601
3422	24.1156
3423	0
3424	0
3425	254.972
3426	46.298
3427	34.9767
3428	90.0527
3429	146.124
3430	247.14
3431	67.7442
3432	0
3433	0
3434	133.492
3435	0
3436	98.2941
3437	0
3438	67.8559
3439	305.336
3440	58.2705
3441	13.87
3442	20.1551
3443	0
3444	0
3445	13.6656
3446	170.308
3447	0
3448	0
3449	497.639
3450	0
3451	37.8982
3452	48.2105
3453	0
3454	0
3455	567.807
3456	0
3457	98.3008
3458	129.315
3459	282.442
3460	74.5594
3461	336.375
3462	36.3583
3463	342.821
3464	120.656
3465	3.4402
3466	8.66229
3467	218.858
3468	0
3469	0
3470	188.735
3471	13.4711
3472	162.132
3473	222.078
3474	0
3475	0
3476	103.324
3477	0
3478	56.7353
3479	47.2734
3480	25.4211
3481	42.2212
3482	243.687
3483	0
3484	99.6222
3485	175.419
3486	0
3487	139.448
3488	186.138
3489	0
3490	103.931
3491	13.9305
3492	162.614
3493	0
3494	180.803
3495	143.551
3496	227.623
3497	0
3498	49.5346
3499	0
3500	212.577
3501	92.9245
3502	9.62157
3503	72.1301
3504	17.5555
3505	36.2332
3506	59.2541
3507	210.646
3508	0
3509	186.263
3510	197.744
3511	334.25
3512	189.306
3513	0
3514	0
3515	77.2347
3516	182.009
3517	0
3518	0
3519	0
3520	0
3521	48.0609
3522	521.408
3523	104.104
3524	75.5002
3525	572.878
3526	0
3527	153.285
3528	128.457
3529	0
3530	170.831
3531	268.99
3532	0
3533	0
3534	0
3535	44.4344
3536	25.3458
3537	35.478
3538	0
3539	299.433
3540	73.2465
3541	0.0179185
3542	136.247
3543	200.513
3544	8.20746
3545	0
3546	91.7725
3547	237.22
3548	38.0627
3549	83.6335
3550	269.872
3551	232.189
3552	422.147
3553	0
3554	0
3555	57.9819
3556	0
3557	238.706
3558	105.711
3559	215.441
3560	32.5891
3561	3.95705
3562	123.403
3563	47.1985
3564	13.4053
3565	0
3566	102.514
3567	53.6644
3568	243.189
3569	0
3570	0
3571	10.7538
3572	78.2481
3573	0
3574	18.0709
3575	0
3576	196.268
3577	0
3578	0
3579	0
3580	246.242
3581	659.273
3582	0
3583	83.0238
3584	0
3585	196.354
3586	72.7718
3587	26.1028
3588	135.533
3589	154.441
3590	59.4572
3591	270.041
3592	82.0567
3593	0
3594	238.215
3595	26.5202
3596	133.022
3597	177.987
3598	98.2689
3599	123.912
3600	18.2856
3601	0
3602	54.0163
3603	56.8962
3604	9.63281
3605	215.906
3606	0
3607	138.796
3608	0
3609	523.863
3610	83.4372
3611	0
3612	0.507443
3613	0
3614	68.3884
3615	199.227
3616	313.869
3617	24.387
3618	199.664
3619	0
3620	463.031
3621	76.6513
3622	0
3623	0
3624	0
3625	221
3626	169.308
3627	200.859
3628	74.1965
3629	194.026
3630	385.068
3631	382.139
3632	0
3633	163.957
3634	0
3635	218.608
3636	83.3506
3637	208.506
3638	168.068
3639	71.9314
3640	0
3641	39.3471
3642	7.51748
3643	2.37584
3644	18.697
3645	130.659
3646	7.61565
3647	41.274
3648	179.252
3649	141.161
3650	0
3651	180.992
3652	0
3653	0.017212
3654	365.265
3655	135.905
3656	0.197306
3657	29.9702
3658	56.99
3659	617.851
3660	133.521
3661	438.01
3662	0
3663	83.5398
3664	0
3665	156.38
3666	7.2988
3667	212.205
3668	84.204
3669	149.971
3670	93.3469
3671	0
3672	300.779
3673	99.05
3674	108.377
3675	0
3676	167.264
3677	44.2205
3678	35.3636
3679	129.245
3680	443.787
3681	229.489
3682	67.6791
3683	69.5719
3684	0
3685	204.027
3686	0
3687	76.4125
3688	62.832
3689	28.0071
3690	142.181
3691	719.538
3692	0
3693	266.246
3694	218.545
3695	62.6767
3696	25.5773
3697	294.581
3698	0
3699	0
3700	431.784
3701	185.53
3702	0
3703	238.059
3704	30.4894
3705	84.1488
3706	0
3707	306.068
3708	0
3709	363.198
3710	41.2714
3711	123.003
3712	0
3713	0
3714	0
3715	207.572
3716	0
3717	133.158
3718	89.0516
3719	299.499
3720	677.148
3721	456.858
3722	162.33
3723	199.449
3724	50.4833
3725	209.869
3726	164.273
3727	46.1448
3728	230.36
3729	307.635
3730	0
3731	1.26181
3732	162.646
3733	0
3734	0
3735	238.485
3736	0
3737	8.79767
3738	0
3739	117.493
3740	32.6811
3741	50.2918
3742	0
3743	106.58
3744	227.534
3745	0
3746	307.343
3747	162.56
3748	0
3749	671.621
3750	142.749
3751	4.76942
3752	335.327
3753	0
3754	14.3228
3755	342.501
3756	0
3757	14.6589
3758	0
3759	0
3760	0
3761	122.923
3762	79.8013
3763	81.7632
3764	0
3765	273.784
3766	147.181
3767	50.6961
3768	177.61
3769	219.07
3770	75.0883
3771	638.073
3772	0
3773	0.0746886
3774	0
3775	124.636
3776	186.253
3777	120.436
3778	0.796141
3779	57.8441
3780	0
3781	152.394
3782	517.922
3783	74.3131
3784	150.192
3785	0.393442
3786	172.17
3787	0
3788	90.1575
3789	394.442
3790	134.814
3791	74.2087
3792	141.374
3793	15.6669
3794	105.594
3795	14.3066
3796	0.0656219
3797	10.0747
3798	0
3799	0
3800	181.912
3801	65.9004
3802	0
3803	546.223
3804	39.4015
3805	19.3307
3806	267.954
3807	0
3808	1.2458
3809	0
3810	0
3811	225.047
3812	94.9574
3813	292.706
3814	134.907
3815	2.92216
3816	0
3817	58.5853
3818	0
3819	41.6014
3820	89.2992
3821	0
3822	108.97
3823	245.491
3824	0
3825	85.9727
3826	108.792
3827	85.2981
3828	0
3829	0
3830	0
3831	117.589
3832	187.657
3833	0
3834	0
3835	16.1184
3836	212.477
3837	0
3838	153.459
3839	64.8354
3840	82.989
3841	257.405
3842	253.594
3843	315.694
3844	44.3245
3845	232.045
3846	61.4979
3847	253.5
3848	27.3691
3849	218.215
3850	0.0321221
3851	84.7993
3852	0
3853	22.0842
3854	297.89
3855	496.868
3856	43.4728
3857	0
3858	56.752
3859	0
3860	0
3861	0
3862	83.5231
3863	40.8122
3864	200.019
3865	43.1885
3866	168.365
3867	0
3868	0
3869	24.2115
3870	42.5024
3871	0
3872	56.7677
3873	0
3874	198.576
3875	0
3876	22.4181
3877	63.1207
3878	0
3879	0
3880	435.718
3881	130.821
3882	1.60113
3883	0
3884	180.164
3885	241.301
3886	305.953
3887	40.5205
3888	143.431
3889	42.3642
3890	190.239
3891	0
3892	341.973
3893	0.0342305
3894	1.36372
3895	63.7725
3896	121.578
3897	0
3898	0
3899	181.636
3900	6.49996
3901	37.4342
3902	602.811
3903	58.0101
3904	48.2714
3905	6.6476
3906	193.535
3907	129.393
3908	129.393
3909	157.758
3910	0
3911	0
3912	51.3549
3913	256.654
3914	203.63
3915	97.5561
3916	0
3917	105.507
3918	251.175
3919	57.5037
3920	231.704
3921	0.238056
3922	11.1929
3923	293.649
3924	6.2311
3925	77.1766
3926	305.631
3927	0.589252
3928	67.5699
3929	244.455
3930	390.005
3931	74.5732
3932	62.4305
3933	0
3934	46.1394
3935	0
3936	0
3937	0
3938	4.069
3939	163.206
3940	129.656
3941	68.4306
3942	183.247
3943	94.4262
3944	199.659
3945	0
3946	0.0325207
3947	28.9159
3948	510.028
3949	148.101
3950	0
3951	240.577
3952	0
3953	58.6537
3954	247.675
3955	165.561
3956	0
3957	178.486
3958	0
3959	417.069
3960	57.4282
3961	0
3962	55.7583
3963	5.6576
3964	64.5849
3965	135.465
3966	348.698
3967	440.459
3968	16.0772
3969	141.389
3970	397.466
3971	500.367
3972	276.931
3973	183.041
3974	276.931
3975	0
3976	0
3977	294.645
3978	77.4532
3979	0
3980	77.4532
3981	78.776
3982	15.3407
3983	156.052
3984	0
3985	196.262
3986	0
3987	12.1439
3988	404.437
3989	804.423
3990	275.781
3991	103.425
3992	93.1093
3993	258.534
3994	27.0442
3995	0
3996	265.478
3997	41.2313
3998	32.0938
3999	57.2975
4000	413.585
4001	7.12561
4002	41.1328
4003	24.628
4004	101.939
4005	222.663
4006	58.481
4007	0
4008	0
4009	161.967
4010	0
4011	0
4012	0
4013	0
4014	235.609
4015	0
4016	210.714
4017	0
4018	102.941
4019	193.164
4020	193.164
4021	192.217
4022	0
4023	33.4463
4024	18.924
4025	11.163
4026	0
4027	83.9627
4028	40.1708
4029	30.9757
4030	0
4031	178.66
4032	69.3013
4033	28.7934
4034	82.2777
4035	172.1
4036	172.1
4037	0
4038	15.8726
4039	172.1
4040	0
4041	61.9632
4042	97.3004
4043	116.485
4044	182.319
4045	179.011
4046	274.968
4047	19.6267
4048	150.329
4049	0
4050	0
4051	37.7093
4052	485.449
4053	0
4054	505.276
4055	177.691
4056	89.5534
4057	0
4058	0
4059	81.1993
4060	0
4061	62.1945
4062	0
4063	0
4064	83.8371
4065	0
4066	54.131
4067	32.7967
4068	37.2434
4069	10.6362
4070	0
4071	51.6547
4072	199.822
4073	0
4074	282.919
4075	62.1945
4076	0.0184795
4077	0
4078	47.8206
4079	40.2669
4080	4.90798
4081	16.229
4082	0
4083	97.2215
4084	69.3023
4085	295.436
4086	89.3067
4087	0
4088	0
4089	502.981
4090	122.627
4091	298.851
4092	44.8773
4093	70.7465
4094	46.7159
4095	169.71
4096	294.189
4097	4.6018
4098	192.967
4099	373.906
4100	70.6334
4101	69.1375
4102	363.106
4103	391.076
4104	316.113
4105	116.394
4106	0
4107	0
4108	0
4109	0
4110	0.567271
4111	168.862
4112	55.7961
4113	0
4114	65.7925
4115	26.176
4116	430.094
4117	255.531
4118	4.46187
4119	182.915
4120	33.9704
4121	0
4122	205.98
4123	0.188399
4124	174.65
4125	165.616
4126	47.9606
4127	52.6646
4128	31.0608
4129	0
4130	57.2769
4131	8.6151
4132	29.4303
4133	0
4134	53.2708
4135	52.5432
4136	145.667
4137	0
4138	63.4327
4139	82.2598
4140	139.94
4141	174.65
4142	2.991
4143	0
4144	311.925
4145	0
4146	43.1396
4147	0
4148	411.648
4149	0
4150	277.652
4151	696.058
4152	238.259
4153	159.556
4154	0
4155	0
4156	61.7146
4157	0
4158	70.9693
4159	309.596
4160	0
4161	274.252
4162	0
4163	151.336
4164	0
4165	11.2318
4166	50.7384
4167	95.104
4168	29.5232
4169	140.051
4170	242.469
4171	10.2208
4172	4.34006
4173	2.99496
4174	2.75473
4175	174.743
4176	222.502
4177	33.5734
4178	130.158
4179	266.592
4180	88.8569
4181	88.5723
4182	329.602
4183	0
4184	253.596
4185	246.012
4186	562.417
4187	68.3869
4188	153.27
4189	0.473138
4190	0
4191	100.344
4192	0
4193	208.931
4194	21.2867
4195	30.8619
4196	191.496
4197	3.27845
4198	75.2222
4199	31.6894
4200	0
4201	30.5731
4202	72.5688
4203	97.8485
4204	73.5513
4205	6.33483
4206	0
4207	0
4208	0
4209	0
4210	113.351
4211	109.859
4212	0
4213	53.182
4214	275.982
4215	34.4054
4216	17.223
4217	0
4218	0
4219	18.8469
4220	0
4221	214.823
4222	0
4223	60.1546
4224	300.195
4225	37.801
4226	214.25
4227	0
4228	0
4229	52.8428
4230	0
4231	162.709
4232	0
4233	0
4234	48.7277
4235	10.627
4236	385.201
4237	0
4238	100.863
4239	292.788
4240	0.0507354
4241	202.16
4242	127.757
4243	9.08791
4244	83.3561
4245	53.9851
4246	1.16971
4247	0
4248	0
4249	358.179
4250	0
4251	0
4252	201.771
4253	0
4254	0
4255	0
4256	0
4257	0
4258	33.1911
4259	67.841
4260	240.312
4261	0
4262	0
4263	0
4264	0
4265	146.741
4266	0
4267	0
4268	76.3537
4269	126.637
4270	399.026
4271	92.9486
4272	149.797
4273	537.526
4274	0
4275	255.895
4276	0
4277	0
4278	168.694
4279	0
4280	80.3538
4281	0
4282	47.3395
4283	0
4284	0
4285	165.772
4286	56.5907
4287	0
4288	0
4289	194.962
4290	444.615
4291	0
4292	739.279
4293	242.345
4294	68.9568
4295	8.26369
4296	208.141
4297	0
4298	0
4299	0
4300	32.8645
4301	110.342
4302	0
4303	12.7643
4304	0
4305	0
4306	270.371
4307	213.246
4308	215.706
4309	9.87022
4310	0
4311	116.756
4312	6.16104
4313	0
4314	110.585
4315	0
4316	282.985
4317	221.44
4318	36.3221
4319	28.8624
4320	24.1986
4321	0
4322	164.101
4323	164.101
4324	48.8484
4325	166.375
4326	0
4327	0
4328	0
4329	0.094876
4330	124.594
4331	5.79947
4332	231.746
4333	0.409011
4334	174.143
4335	0
4336	235.498
4337	118.122
4338	221.846
4339	0
4340	249.728
4341	126.51
4342	90.3251
4343	0
4344	0
4345	235.725
4346	249.728
4347	0
4348	149.734
4349	0
4350	187.285
4351	206.545
4352	137.769
4353	0
4354	88.5059
4355	38.5232
4356	0
4357	114.774
4358	0
4359	64.4562
4360	101.93
4361	36.9424
4362	100.492
4363	240.644
4364	1.46101
4365	308.372
4366	0
4367	52.7436
4368	225.076
4369	12.4557
4370	0
4371	225.076
4372	12.4557
4373	83.0376
4374	122.108
4375	0
4376	12.3722
4377	0.574502
4378	89.0787
4379	0
4380	194.618
4381	0
4382	0
4383	16.8172
4384	0
4385	45.1534
4386	0.261999
4387	0
4388	187.793
4389	80.8081
4390	179.054
4391	19.9706
4392	0
4393	101.761
4394	94.9287
4395	461.115
4396	96.0205
4397	148.942
4398	402.3
4399	0
4400	0
4401	0
4402	273.874
4403	11.8591
4404	14.213
4405	0
4406	84.1535
4407	0
4408	132.67
4409	0
4410	3.9888
4411	0
4412	0
4413	0
4414	0
4415	76.0394
4416	0
4417	110.731
4418	610.688
4419	115.709
4420	1031
4421	413.121
4422	0
4423	413.121
4424	151.271
4425	0
4426	57.5055
4427	0
4428	86.9562
4429	0
4430	0
4431	0
4432	83.0206
4433	83.9201
4434	97.5739
4435	0
4436	0
4437	400.068
4438	1.95806
4439	135.404
4440	0
4441	0
4442	0.0498148
4443	211.096
4444	17.6475
4445	155.489
4446	428.604
4447	202.653
4448	14.8857
4449	0
4450	58.6379
4451	202.304
4452	244.474
4453	235.349
4454	14.0088
4455	0
4456	47.8465
4457	173.001
4458	0.825406
4459	0
4460	246.961
4461	0
4462	170.067
4463	0
4464	4.94977
4465	0
4466	0
4467	184.127
4468	32.3001
4469	0
4470	0.546194
4471	0
4472	33.3444
4473	0
4474	0.0457838
4475	21.895
4476	604.419
4477	0
4478	370.116
4479	102.45
4480	0
4481	194.217
4482	131.592
4483	0
4484	19.2364
4485	69.1106
4486	76.6401
4487	194.217
4488	496.765
4489	66.4695
4490	232.263
4491	0
4492	0
4493	88.7319
4494	53.2714
4495	131.821
4496	23.2205
4497	9.3438
4498	248.888
4499	49.3429
4500	0.607427
4501	156.697
4502	0.0322154
4503	254.566
4504	299.284
4505	579.206
4506	85.3611
4507	1.30201
4508	0
4509	271.89
4510	79.6416
4511	0
4512	318.171
4513	271.89
4514	1.4698
4515	34.8277
4516	22.014
4517	215.58
4518	0
4519	271.89
4520	0
4521	306.528
4522	108.774
4523	0
4524	0
4525	15.2639
4526	0
4527	124.51
4528	67.9578
4529	80.2303
4530	388.836
4531	231.032
4532	0
4533	0
4534	0
4535	102.277
4536	37.6544
4537	47.1019
4538	0
4539	8.5159
4540	47.1019
4541	0
4542	0
4543	38.9234
4544	0
4545	0
4546	84.2962
4547	0
4548	10.9087
4549	0
4550	259.427
4551	0
4552	11.8761
4553	0
4554	4.32624
4555	0
4556	0
4557	0
4558	363.703
4559	0
4560	51.699
4561	0
4562	500.43
4563	111.626
4564	127.236
4565	86.0438
4566	10.9542
4567	111.626
4568	8.54776
4569	29.0515
4570	8.54776
4571	0.549713
4572	0.0139232
4573	0.0563025
4574	5.98392
4575	137.243
4576	89.106
4577	560.129
4578	661.749
4579	112.405
4580	111.82
4581	0
4582	191.235
4583	45.9352
4584	0
4585	47.3718
4586	0
4587	287.246
4588	12.4783
4589	292.402
4590	12.4783
4591	0
4592	434.927
4593	169.416
4594	12.6119
4595	54.09
4596	50.9458
4597	0
4598	0
4599	17.9822
4600	160.393
4601	394.397
4602	160.393
4603	0
4604	150.693
4605	141.141
4606	78.2233
4607	0.00975714
4608	161.982
4609	113.597
4610	63.9839
4611	0
4612	0
4613	0
4614	12.6791
4615	0
4616	124.662
4617	281.45
4618	7.09896
4619	27.3779
4620	648.865
4621	191.033
4622	44.8393
4623	293.134
4624	47.97
4625	89.5162
4626	85.7356
4627	0
4628	38.8613
4629	89.9496
4630	14.7155
4631	35.668
4632	325.545
4633	473.641
4634	0
4635	0
4636	0.13903
4637	0
4638	0
4639	37.2861
4640	19.3273
4641	397.173
4642	63.6641
4643	70.7728
4644	29.0635
4645	0
4646	29.0635
4647	123.802
4648	278.276
4649	134.459
4650	181.013
4651	29.4458
4652	29.0635
4653	47.2809
4654	14.2514
4655	0
4656	1.16111
4657	0.0698127
4658	41.1571
4659	0
4660	62.4024
4661	133.095
4662	21.5151
4663	82.7043
4664	104.359
4665	54.8148
4666	0
4667	35.3783
4668	0
4669	295.445
4670	0
4671	0
4672	274.583
4673	123.121
4674	0
4675	189.719
4676	153.177
4677	68.2007
4678	0
4679	257.3
4680	32.6925
4681	0
4682	58.6356
4683	42.3637
4684	235.962
4685	46.9158
4686	117.344
4687	51.3249
4688	0
4689	0
4690	413.062
4691	0
4692	289.237
4693	183.544
4694	170.434
4695	28.0152
4696	245.574
4697	108.788
4698	63.75
4699	232.076
4700	47.6588
4701	0
4702	2.30183
4703	186.467
4704	474.354
4705	182.322
4706	225.14
4707	472.58
4708	71.9145
4709	112.67
4710	0
4711	0
4712	0
4713	109.707
4714	58.6387
4715	92.6808
4716	248.673
4717	0
4718	0
4719	18.5686
4720	0
4721	135.657
4722	68.7774
4723	0
4724	144.397
4725	180.694
4726	37.8499
4727	0
4728	0
4729	282.013
4730	338.784
4731	0
4732	253.811
4733	203.865
4734	203.865
4735	36.6334
4736	0
4737	467.213
4738	0
4739	21.9251
4740	24.5508
4741	0
4742	142.762
4743	63.3693
4744	48.8383
4745	0
4746	134.945
4747	0
4748	67.1703
4749	0
4750	0
4751	0
4752	120.1
4753	120.1
4754	267.256
4755	278.034
4756	0
4757	58.3293
4758	33.6537
4759	455.146
4760	104.14
4761	26.7767
4762	0
4763	212.608
4764	108.696
4765	268.508
4766	11.5582
4767	46.6131
4768	0
4769	112.25
4770	225.081
4771	15.2527
4772	123.866
4773	285.103
4774	1.65337
4775	88.9081
4776	0
4777	183.231
4778	104.887
4779	183.231
4780	0
4781	0
4782	0
4783	0
4784	103.089
4785	167.484
4786	260.07
4787	124.806
4788	0
4789	7.52061
4790	732.108
4791	48.9724
4792	26.0494
4793	27.4988
4794	66.4015
4795	0
4796	62.1978
4797	0.824954
4798	79.5667
4799	49.9868
4800	15.239
4801	52.5085
4802	0
4803	0
4804	0
4805	37.347
4806	0.169717
4807	29.6962
4808	114.864
4809	334.57
4810	95.3322
4811	101.807
4812	120.02
4813	0
4814	104.275
4815	53.0337
4816	123.474
4817	27.3119
4818	0
4819	0
4820	172.241
4821	17.0764
4822	0.010268
4823	0
4824	211.177
4825	79.97
4826	0
4827	405.795
4828	2.28122
4829	330.154
4830	100.375
4831	98.8874
4832	58.1435
4833	158.834
4834	301.553
4835	40.4215
4836	330.714
4837	55.4986
4838	146.5
4839	62.8098
4840	0
4841	0
4842	138.159
4843	206.283
4844	0.127929
4845	0
4846	219.292
4847	0
4848	245.206
4849	0
4850	279.574
4851	0
4852	101.057
4853	61.6857
4854	144.537
4855	0
4856	22.563
4857	0
4858	252.015
4859	0
4860	162.347
4861	0
4862	0
4863	0
4864	4.21211
4865	256.288
4866	0
4867	0
4868	412.103
4869	0
4870	59.2378
4871	0
4872	412.103
4873	0
4874	280.435
4875	0
4876	231.055
4877	0
4878	430.698
4879	73.5965
4880	177.13
4881	198.61
4882	56.7975
4883	75.8525
4884	350.336
4885	145.082
4886	81.5253
4887	98.6806
4888	0.123481
4889	44.5037
4890	69.1109
4891	105.201
4892	98.4875
4893	141.873
4894	58.0323
4895	592.863
4896	292.228
4897	354.754
4898	628.692
4899	90.2278
4900	0
4901	0
4902	47.305
4903	114.47
4904	562.247
4905	31.8489
4906	300.192
4907	46.2353
4908	255.93
4909	78.5648
4910	473.827
4911	12.0013
4912	111.789
4913	475.64
4914	0
4915	0
4916	0
4917	361.353
4918	84.7566
4919	0
4920	600.973
4921	216.217
4922	217.579
4923	0
4924	0
4925	191.139
4926	0
4927	131.56
4928	191.139
4929	39.1093
4930	111.789
4931	68.1188
4932	0
4933	0
4934	0
4935	183.862
4936	217.07
4937	89.1434
4938	0
4939	0
4940	196.939
4941	0
4942	0
4943	103.01
4944	386.249
4945	99.905
4946	0
4947	71.4668
4948	65.9558
4949	207.245
4950	525.979
4951	102.567
4952	0
4953	54.0659
4954	108.281
4955	63.2633
4956	102.567
4957	254.029
4958	190.927
4959	174.303
4960	204.069
4961	0
4962	91.2208
4963	142.194
4964	129.09
4965	364.86
4966	0
4967	12.665
4968	42.9657
4969	2.73465
4970	0
4971	26.7688
4972	267.517
4973	61.8868
4974	79.927
4975	84.7218
4976	571.773
4977	3.15657
4978	267.517
4979	44.4417
4980	0
4981	715.703
4982	219.066
4983	126.443
4984	0
4985	150.6
4986	267.498
4987	26.5193
4988	0
4989	112.739
4990	0.0497024
4991	200.557
4992	157.243
4993	110.215
4994	42.1545
4995	125.894
4996	94.7084
4997	2.4573
4998	186.284
4999	0
5000	10.142
5001	1.31455
5002	198.28
5003	122.355
5004	0
5005	0
5006	156.418
5007	363.803
5008	26.4924
5009	125.017
5010	0
5011	49.9838
5012	135.501
5013	1.92728
5014	85.6955
5015	16.2031
5016	96.3126
5017	414.8
5018	0
5019	0
5020	0
5021	142.655
5022	1055.62
5023	70.6114
5024	521.218
5025	0
5026	324.239
5027	26.8705
5028	19.3446
5029	0
5030	23.3517
5031	356.469
5032	356.576
5033	0
5034	109.237
5035	521.896
5036	250.441
5037	35.1811
5038	87.75
5039	147.573
5040	316.477
5041	106.353
5042	115.193
5043	0.0463338
5044	86.9224
5045	20.4085
5046	0
5047	0
5048	194.398
5049	140.745
5050	253.895
5051	0
5052	0.800381
5053	0
5054	440.245
5055	294.878
5056	13.9088
5057	440.245
5058	0
5059	0
5060	112.033
5061	8.77532
5062	107.055
5063	251.794
5064	108.794
5065	2.93469
5066	74.3143
5067	310.178
5068	198.896
5069	58.6879
5070	211.977
5071	147.468
5072	1.90316
5073	125.561
5074	66.9571
5075	128.371
5076	153.521
5077	14.7711
5078	16.237
5079	0
5080	212.652
5081	8.81957
5082	360.466
5083	0
5084	65.1783
5085	126.346
5086	6.94384
5087	14.6034
5088	55.2143
5089	117.009
5090	213.861
5091	115.946
5092	44.0875
5093	0
5094	115
5095	78.5872
5096	115
5097	316.262
5098	110.413
5099	395.018
5100	0
5101	0
5102	191.542
5103	14.7711
5104	13.3011
5105	15.1226
5106	0
5107	44.7925
5108	272.766
5109	0
5110	0
5111	0
5112	25.0724
5113	12.8801
5114	239.664
5115	0
5116	0
5117	186.247
5118	0
5119	186.247
5120	13.3867
5121	145.65
5122	0
5123	0
5124	0
5125	0
5126	103.781
5127	147.246
5128	279.46
5129	24.712
5130	333.821
5131	185.547
5132	260.338
5133	0
5134	29.4083
5135	0
5136	571.048
5137	203.381
5138	144.919
5139	85.0488
5140	0
5141	53.9755
5142	53.9755
5143	45.4166
5144	162.197
5145	92.1288
5146	0
5147	0
5148	0
5149	139.938
5150	0
5151	0
5152	18.8565
5153	263.254
5154	77.8098
5155	1.20642
5156	89.3367
5157	83.9806
5158	0
5159	205.899
5160	0
5161	0
5162	63.409
5163	58.4078
5164	331.227
5165	272.149
5166	18.1142
5167	205.899
5168	113.24
5169	0
5170	33.2208
5171	59.6364
5172	90.5796
5173	41.4904
5174	162.95
5175	165.422
5176	129.969
5177	5.95693
5178	345.006
5179	225.184
5180	29.5419
5181	24.8908
5182	0
5183	55.6942
5184	295.744
5185	53.7307
5186	106.459
5187	109.938
5188	47.5837
5189	80.6426
5190	39.1674
5191	150.171
5192	1.60647
5193	184.446
5194	63.2313
5195	184.446
5196	90.244
5197	0
5198	181.888
5199	0
5200	307.636
5201	100.969
5202	207.042
5203	217.821
5204	77.8555
5205	132.422
5206	54.0325
5207	338.006
5208	85.6088
5209	38.3829
5210	142.949
5211	0
5212	0
5213	58.2459
5214	209.391
5215	70.9787
5216	0
5217	143.136
5218	61.6285
5219	70.9787
5220	0
5221	209.391
5222	192.331
5223	0
5224	164.329
5225	13.879
5226	0
5227	37.5148
5228	61.0125
5229	0.148106
5230	117.91
5231	81.8888
5232	0
5233	0
5234	61.3481
5235	78.973
5236	167.23
5237	0
5238	26.9687
5239	338.002
5240	218.049
5241	0
5242	0
5243	0
5244	102.313
5245	96.2954
5246	96.2954
5247	0
5248	12.8233
5249	98.9448
5250	129.622
5251	33.0009
5252	0
5253	197.703
5254	705.245
5255	126.28
5256	0
5257	74.5645
5258	62.1347
5259	190.953
5260	71.8099
5261	65.2452
5262	164.644
5263	6.19978
5264	0
5265	0.0382234
5266	526.489
5267	29.6276
5268	139.125
5269	43.5432
5270	0
5271	43.5432
5272	133.924
5273	173.342
5274	0
5275	173.342
5276	0
5277	96.9826
5278	144.117
5279	704.367
5280	50.1465
5281	0
5282	0
5283	84.9475
5284	36.0949
5285	60.9878
5286	122.125
5287	204.75
5288	267.476
5289	158.194
5290	107.048
5291	0
5292	38.9937
5293	0
5294	38.6428
5295	0.244369
5296	43.3426
5297	0.244369
5298	797.168
5299	183.268
5300	8.25978
5301	838.542
5302	76.2227
5303	0
5304	447.491
5305	447.491
5306	236.149
5307	70.4242
5308	70.4242
5309	371.51
5310	0
5311	0
5312	124.668
5313	95.7051
5314	286.907
5315	200.223
5316	59.7905
5317	29.096
5318	438.238
5319	47.5971
5320	8.85719
5321	78.4934
5322	250.122
5323	241.896
5324	0
5325	288.246
5326	10.1697
5327	35.7869
5328	276.758
5329	0
5330	55.505
5331	179.954
5332	288.16
5333	47.0186
5334	148.693
5335	435.769
5336	94.4352
5337	50.0169
5338	189.808
5339	91.3807
5340	0
5341	0
5342	36.5867
5343	28.6478
5344	169.831
5345	156.076
5346	58.743
5347	178.965
5348	226.937
5349	0
5350	0.158525
5351	455.35
5352	285.722
5353	0
5354	105.861
5355	296.929
5356	30.0899
5357	155.043
5358	98.8336
5359	8.10073
5360	0.854018
5361	152.974
5362	99.0926
5363	0
5364	0
5365	79.0457
5366	467.264
5367	58.8536
5368	161.739
5369	242.406
5370	60.9764
5371	40.8148
5372	21.4864
5373	18.439
5374	0
5375	57.8173
5376	247.917
5377	229.649
5378	0
5379	0
5380	39.7287
5381	304.438
5382	0
5383	41.1433
5384	0
5385	0
5386	78.134
5387	275.074
5388	10.6917
5389	205.886
5390	133.633
5391	106.102
5392	56.2921
5393	245.253
5394	183.169
5395	89.1922
5396	51.9271
5397	190.645
5398	8.85754
5399	252.411
5400	67.7725
5401	60.3846
5402	76.9977
5403	162.234
5404	72.9701
5405	108.112
5406	302.382
5407	347.954
5408	71.9662
5409	63.9404
5410	153.028
5411	24.1967
5412	11.5153
5413	0
5414	36.0684
5415	37.7303
5416	1.74369
5417	66.6522
5418	0
5419	90.8819
5420	0
5421	41.2635
5422	171.803
5423	49.4503
5424	37.5007
5425	0
5426	142.743
5427	0
5428	19.9653
5429	66.9994
5430	32.0638
5431	93.5166
5432	0.0126442
5433	14.4721
5434	158.477
5435	0.188571
5436	426.236
5437	219.468
5438	9.238
5439	58.3783
5440	764.239
5441	115.843
5442	0
5443	0
5444	5.91067
5445	0
5446	336.014
5447	43.6821
5448	70.2057
5449	202.829
5450	246.172
5451	53.0435
5452	49.5209
5453	205.732
5454	0
5455	391.38
5456	110.172
5457	0
5458	0
5459	157.993
5460	0
5461	427.663
5462	24.5333
5463	649.528
5464	45.5203
5465	36.0073
5466	153.916
5467	323.945
5468	149.458
5469	5.83399
5470	169.167
5471	0
5472	127.828
5473	41.5396
5474	221.94
5475	629.773
5476	156.896
5477	0
5478	0
5479	116.279
5480	356.855
5481	149.415
5482	174.643
5483	0
5484	115.797
5485	0
5486	119.515
5487	92.3518
5488	0
5489	0
5490	91.4089
5491	26.729
5492	211.515
5493	0
5494	143.386
5495	168.551
5496	68.9104
5497	39.3726
5498	0
5499	53.1241
5500	25.9482
5501	0
5502	17.2066
5503	137.42
5504	33.2455
5505	414.638
5506	105.829
5507	0.514451
5508	66.2553
5509	121.209
5510	123.759
5511	1.42644
5512	78.9664
5513	57.4748
5514	28.8509
5515	0
5516	0
5517	41.2717
5518	259.235
5519	434.909
5520	121.752
5521	11.4126
5522	76.5799
5523	0
5524	548.751
5525	127.519
5526	421.025
5527	43.8721
5528	10.4611
5529	3.75195
5530	119.56
5531	51.1585
5532	0
5533	136.161
5534	27.0938
5535	0
5536	112.968
5537	146.148
5538	255.671
5539	0
5540	192.417
5541	21.3081
5542	216.514
5543	156.612
5544	49.6058
5545	467.655
5546	219.798
5547	23.936
5548	126.451
5549	0
5550	67.4687
5551	365.458
5552	13.7808
5553	128.073
5554	39.1533
5555	16.0967
5556	834.622
5557	460.062
5558	0
5559	55.8041
5560	96.1152
5561	466.501
5562	0
5563	386.848
5564	14.2552
5565	0
5566	242.492
5567	0
5568	352.409
5569	485.343
5570	0
5571	0
5572	425.769
5573	0
5574	0
5575	0
5576	94.6538
5577	116.017
5578	0
5579	308.702
5580	83.6523
5581	0
5582	0
5583	137.6
5584	14.0453
5585	105.328
5586	77.8077
5587	97.6297
5588	92.9037
5589	81.4351
5590	325.108
5591	1.51692
5592	136.571
5593	0
5594	146.389
5595	0
5596	24.6647
5597	58.4525
5598	44.0102
5599	0
5600	36.7822
5601	120.841
5602	16.881
5603	0
5604	12.9009
5605	115.027
5606	21.953
5607	0
5608	96.6895
5609	0
5610	417.079
5611	56.6263
5612	4.20623
5613	11.7106
5614	799.595
5615	9.72903
5616	37.9137
5617	443.319
5618	20.7994
5619	0
5620	158.965
5621	0
5622	207.185
5623	191.209
5624	46.8926
5625	302.232
5626	100.356
5627	249.085
5628	0
5629	0
5630	133.1
5631	0
5632	477.314
5633	7.90823
5634	212.933
5635	0
5636	0
5637	0
5638	590.39
5639	11.0491
5640	215.65
5641	199.581
5642	9.77693
5643	17.3001
5644	320.944
5645	230.977
5646	242.992
5647	95.4697
5648	106.31
5649	0
5650	496.871
5651	0
5652	0
5653	39.1941
5654	0
5655	45.8222
5656	2.36019
5657	39.8654
5658	0
5659	47.0853
5660	337.974
5661	0
5662	0
5663	67.7945
5664	483.381
5665	0
5666	240.376
5667	53.3918
5668	75.1311
5669	126.719
5670	138.012
5671	2.38306
5672	0
5673	0
5674	75.8971
5675	0
5676	213.26
5677	142.707
5678	109.495
5679	211.8
5680	28.8782
5681	86.6383
5682	55.9573
5683	0
5684	58.8724
5685	294.963
5686	525.82
5687	21.1369
5688	14.0558
5689	0
5690	155.697
5691	117.41
5692	0
5693	106.541
5694	34.0353
5695	0
5696	20.3664
5697	18.6136
5698	29.9148
5699	72.9184
5700	387.927
5701	250.886
5702	38.2981
5703	0
5704	0
5705	20.1699
5706	248.707
5707	262.369
5708	0
5709	414.81
5710	14.0486
5711	10.4629
5712	0
5713	281.089
5714	117.876
5715	17.9909
5716	37.0642
5717	0
5718	87.069
5719	0
5720	46.9843
5721	311.947
5722	106.092
5723	93.1853
5724	19.8945
5725	0
5726	137.835
5727	0
5728	0
5729	0
5730	0
5731	508.98
5732	0
5733	0
5734	0.0791703
5735	72.9797
5736	222.083
5737	156.52
5738	100.499
5739	0
5740	22.5103
5741	16.8616
5742	87.3976
5743	64.6274
5744	0.109921
5745	150.08
5746	38.7788
5747	202.945
5748	418.235
5749	45.0967
5750	0.0356017
5751	1.69576
5752	0
5753	0
5754	47.5417
5755	43.8395
5756	0
5757	582.178
5758	0
5759	30.6251
5760	278.176
5761	0
5762	52.5382
5763	38.3138
5764	269.062
5765	103.357
5766	0
5767	0
5768	142.513
5769	321.943
5770	26.505
5771	0
5772	40.8667
5773	229.848
5774	0
5775	68.3774
5776	17.1564
5777	188.047
5778	142.009
5779	220.432
5780	305.2
5781	405.747
5782	154.842
5783	0
5784	20.2992
5785	112.711
5786	0
5787	12.1333
5788	0
5789	75.1144
5790	92.1847
5791	0
5792	108.039
5793	131.419
5794	10.9321
5795	164.063
5796	100.49
5797	54.2451
5798	93.5196
5799	0
5800	534.904
5801	114.109
5802	77.7742
5803	0
5804	0
5805	45.6019
5806	100.925
5807	0
5808	502.221
5809	77.4458
5810	0.00846504
5811	0
5812	337.824
5813	117.896
5814	338.585
5815	0
5816	49.5779
5817	104.893
5818	259.327
5819	51.3207
5820	0
5821	0
5822	342.451
5823	36.2741
5824	648.617
5825	43.9418
5826	0
5827	0
5828	103.627
5829	209.84
5830	0
5831	580.508
5832	0
5833	189.39
5834	44.2782
5835	0
5836	71.9179
5837	510.425
5838	0
5839	68.3127
5840	0.200403
5841	161.103
5842	0
5843	0
5844	331.671
5845	137.302
5846	92.6973
5847	0
5848	90.177
5849	134.901
5850	407.605
5851	194.4
5852	58.1543
5853	15.62
5854	144.605
5855	0
5856	641.307
5857	134.916
5858	64.382
5859	54.7742
5860	506.189
5861	69.0559
5862	0
5863	0
5864	0
5865	191.864
5866	163.985
5867	408.621
5868	102.377
5869	316.027
5870	0
5871	0
5872	0
5873	490.91
5874	500.149
5875	56.214
5876	12.4313
5877	43.9411
5878	341.109
5879	0.0471632
5880	0
5881	0
5882	132.447
5883	0
5884	142.897
5885	153.117
5886	22.9129
5887	65.8702
5888	165.75
5889	78.7082
5890	0
5891	4.48913
5892	66.3885
5893	0
5894	0
5895	4.02733
5896	285.563
5897	0
5898	38.941
5899	40.903
5900	111.717
5901	52.1922
5902	0
5903	78.024
5904	0
5905	168.927
5906	106.513
5907	23.4699
5908	51.0422
5909	691.876
5910	98.6682
5911	0
5912	105.245
5913	4.83176
5914	19.5656
5915	0
5916	21.9822
5917	0
5918	31.9732
5919	66.1302
5920	104.318
5921	508.347
5922	0
5923	184.03
5924	80.8875
5925	0
5926	38.9138
5927	0
5928	0
5929	2.73719
5930	125.892
5931	0
5932	79.0714
5933	237.139
5934	129.098
5935	113.119
5936	156.501
5937	92.6003
5938	1210.25
5939	44.2318
5940	115.525
5941	195.189
5942	102.054
5943	9.71027
5944	60.5573
5945	1.31157
5946	81.3526
5947	60.0873
5948	60.3306
5949	0
5950	0
5951	70.0039
5952	26.539
5953	258.83
5954	41.1492
5955	0
5956	1.48149
5957	46.7152
5958	86.9607
5959	55.586
5960	0
5961	243.874
5962	60.5091
5963	195.082
5964	56.1759
5965	0
5966	0
5967	92.6228
5968	126.077
5969	263.644
5970	99.3735
5971	152.648
5972	54.0009
5973	0
5974	376.186
5975	59.5774
5976	82.9432
5977	217.473
5978	121.002
5979	0
5980	226.815
5981	66.3455
5982	37.301
5983	125.902
5984	0
5985	0
5986	120.351
5987	145.053
5988	0
5989	0
5990	0
5991	0
5992	138.281
5993	421.286
5994	0
5995	276.794
5996	0
5997	33.7689
5998	0
5999	174.492
6000	0
6001	160.267
6002	229.49
6003	42.5978
6004	19.0876
6005	0
6006	0
6007	0
6008	238.407
6009	0
6010	219.422
6011	247.187
6012	122.011
6013	300.262
6014	124.479
6015	88.0124
6016	168.748
6017	32.6929
6018	0
6019	75.6736
6020	87.64
6021	15.0158
6022	151.65
6023	1.64603
6024	264.448
6025	253.013
6026	0
6027	59.4697
6028	80.8656
6029	0
6030	32.6876
6031	42.9118
6032	154.179
6033	439.441
6034	609.399
6035	0
6036	13.428
6037	0
6038	0
6039	242.297
6040	31.0694
6041	586.697
6042	70.7769
6043	197.269
6044	0
6045	0
6046	190.471
6047	308.835
6048	0
6049	153.463
6050	38.0471
6051	36.599
6052	125.392
6053	77.6901
6054	0
6055	0
6056	482.121
6057	123.033
6058	0.291945
6059	0
6060	0
6061	84.6791
6062	50.7018
6063	3.56137
6064	108.624
6065	43.4316
6066	285.878
6067	121.878
6068	0
6069	5.07883
6070	22.3182
6071	85.7855
6072	99.4636
6073	128.856
6074	93.6369
6075	108.717
6076	152.193
6077	83.2663
6078	0
6079	40.1497
6080	16.9573
6081	231.367
6082	32.6563
6083	0
6084	0
6085	362.876
6086	0
6087	0
6088	3.20733
6089	346.021
6090	134.145
6091	260.537
6092	13.5366
6093	0
6094	0.146368
6095	66.354
6096	187.849
6097	116.274
6098	0
6099	16.9363
6100	1.1257
6101	7.46611
6102	0
6103	106.156
6104	189.294
6105	99.6381
6106	105.796
6107	30.4202
6108	279.226
6109	216.242
6110	0.386604
6111	0
6112	48.7131
6113	371.181
6114	267.68
6115	0
6116	0
6117	257.087
6118	1.48441
6119	88.7989
6120	120.218
6121	327.154
6122	26.4329
6123	48.3283
6124	277.366
6125	0
6126	0
6127	0
6128	258.312
6129	37.9781
6130	417.611
6131	0
6132	0
6133	183.861
6134	48.5387
6135	0
6136	112.497
6137	58.0945
6138	0
6139	295.583
6140	31.0973
6141	2.76632
6142	70.5238
6143	24.751
6144	0
6145	447.459
6146	0
6147	0
6148	153.151
6149	26.1449
6150	34.5858
6151	0
6152	167.346
6153	126.946
6154	87.2623
6155	14.2933
6156	184.433
6157	0
6158	0
6159	129.289
6160	82.0756
6161	215.857
6162	43.7271
6163	32.4428
6164	34.8084
6165	329.534
6166	16.4274
6167	242.254
6168	68.0591
6169	24.0441
6170	115.407
6171	0
6172	178.409
6173	3.78997
6174	183.547
6175	323.755
6176	56.9317
6177	0
6178	513.529
6179	89.4223
6180	26.6211
6181	403
6182	0
6183	116.19
6184	57.3177
6185	73.8378
6186	134.812
6187	0
6188	0
6189	3.18688
6190	212.287
6191	29.3805
6192	215.569
6193	201.892
6194	175.251
6195	516.636
6196	0.32863
6197	405.626
6198	254.098
6199	165.419
6200	203.649
6201	45.7596
6202	0.422941
6203	0
6204	102.952
6205	0
6206	144.775
6207	0
6208	84.7741
6209	51.3577
6210	243.827
6211	11.2268
6212	225.409
6213	129.461
6214	3.89018
6215	74.6998
6216	0
6217	118.088
6218	17.8456
6219	23.4848
6220	45.8225
6221	148.526
6222	91.9955
6223	0
6224	6.48649
6225	0
6226	107.64
6227	124.024
6228	130.104
6229	241.863
6230	0
6231	39.6028
6232	109.444
6233	158.1
6234	453.275
6235	0
6236	0.0386608
6237	380.862
6238	50.9262
6239	140.029
6240	65.8477
6241	0
6242	165.123
6243	62.3622
6244	90.6539
6245	53.4793
6246	180.164
6247	113.926
6248	55.8085
6249	255.649
6250	0
6251	157.154
6252	0
6253	59.7951
6254	0
6255	0
6256	2.11275
6257	9.29793
6258	3.75099
6259	39.3007
6260	0
6261	4.39738
6262	220.299
6263	20.8699
6264	482.683
6265	211.992
6266	82.2398
6267	105.324
6268	65.1518
6269	64.9366
6270	2.57332
6271	41.5557
6272	0
6273	395.024
6274	115.321
6275	37.1268
6276	0
6277	0
6278	99.0715
6279	77.5807
6280	0
6281	0
6282	0
6283	70.447
6284	189.898
6285	0
6286	390.351
6287	72.348
6288	39.8451
6289	199.544
6290	57.107
6291	28.9346
6292	21.1193
6293	105.432
6294	49.3261
6295	47.0759
6296	0
6297	170.85
6298	0
6299	59.2713
6300	132.023
6301	58.6155
6302	223.216
6303	0
6304	0
6305	87.0676
6306	5.2606
6307	288.192
6308	10.7689
6309	18.0783
6310	124.218
6311	0
6312	0
6313	57.6132
6314	74.4217
6315	182.328
6316	192.386
6317	15.2975
6318	161.338
6319	184.325
6320	26.4052
6321	195.461
6322	37.8998
6323	42.6665
6324	163.411
6325	118.381
6326	0
6327	0
6328	33.5271
6329	324.123
6330	90.7628
6331	156.21
6332	0
6333	0
6334	114.126
6335	207.515
6336	77.5223
6337	0.169275
6338	340.878
6339	10.4737
6340	0
6341	0
6342	111.252
6343	190.102
6344	53.8291
6345	18.5957
6346	520.693
6347	374.434
6348	0
6349	0
6350	0
6351	20.9851
6352	502.108
6353	0
6354	0
6355	0
6356	0
6357	100.742
6358	22.1914
6359	40.0231
6360	0
6361	45.2928
6362	47.6043
6363	399.225
6364	0
6365	710.212
6366	0
6367	169.581
6368	46.839
6369	435.839
6370	291.438
6371	378.943
6372	0
6373	0
6374	410.205
6375	0
6376	81.5531
6377	399.8
6378	192.219
6379	231.147
6380	190.82
6381	0
6382	130.521
6383	0
6384	0
6385	23.2424
6386	88.001
6387	131.817
6388	56.5517
6389	11.9034
6390	3.93774
6391	301.243
6392	42.1631
6393	222.487
6394	37.907
6395	71.8084
6396	5.84737
6397	0
6398	70.3167
6399	26.4278
6400	0
6401	211.586
6402	0
6403	0
6404	10.4344
6405	216.819
6406	0
6407	134.523
6408	22.2411
6409	2.63024
6410	83.2066
6411	33.3614
6412	0
6413	27.0439
6414	472.512
6415	150.884
6416	104.775
6417	116.654
6418	69.1938
6419	0
6420	0
6421	120.264
6422	333.738
6423	69.2612
6424	125.949
6425	26.9351
6426	92.1401
6427	2.93641
6428	0
6429	0
6430	66.5781
6431	4.21674
6432	40.9469
6433	3.62069
6434	0
6435	0
6436	361.669
6437	0
6438	0
6439	199.866
6440	0
6441	65.1131
6442	0
6443	52.9073
6444	252.085
6445	30.4924
6446	351.894
6447	0
6448	231.461
6449	82.9589
6450	0
6451	39.5708
6452	0
6453	59.3409
6454	111.02
6455	558.609
6456	0
6457	64.9734
6458	273.871
6459	7.87915
6460	57.7495
6461	31.603
6462	0
6463	171.281
6464	0
6465	30.0212
6466	0
6467	200.761
6468	162.579
6469	0
6470	216.313
6471	134.447
6472	0
6473	58.9888
6474	0
6475	42.8795
6476	148.802
6477	30.9392
6478	34.0432
6479	63.7957
6480	0
6481	0
6482	183.504
6483	221.152
6484	10.8757
6485	11.6362
6486	92.2528
6487	468.976
6488	105.691
6489	0
6490	410.871
6491	413.671
6492	0
6493	0
6494	20.5646
6495	150.796
6496	79.0059
6497	253.309
6498	123.969
6499	591.272
6500	79.2877
6501	169.363
6502	0
6503	256.112
6504	2.35179
6505	69.2839
6506	0
6507	157.52
6508	24.8903
6509	566.181
6510	0
6511	0
6512	110.354
6513	0
6514	0
6515	121.518
6516	28.5178
6517	96.3066
6518	13.2597
6519	31.3642
6520	255.927
6521	34.5696
6522	250.359
6523	58.9318
6524	0
6525	0
6526	46.2113
6527	295.048
6528	0
6529	46.7495
6530	0
6531	23.3107
6532	0
6533	353.278
6534	108.579
6535	0
6536	0
6537	10.6959
6538	120.5
6539	0.776184
6540	86.9381
6541	0
6542	179.583
6543	52.54
6544	163.719
6545	50.5736
6546	0
6547	26.7224
6548	45.8161
6549	79.9723
6550	19.8144
6551	80.9713
6552	89.7381
6553	56.3558
6554	0
6555	102.899
6556	140.413
6557	227.014
6558	0
6559	471.218
6560	0.670506
6561	0
6562	249.719
6563	0
6564	39.187
6565	226.679
6566	454.693
6567	0
6568	559.208
6569	72.8349
6570	372.509
6571	224.791
6572	0.965658
6573	0
6574	105.094
6575	23.0127
6576	31.9096
6577	0
6578	203.632
6579	393.652
6580	18.3641
6581	0
6582	56.0781
6583	0
6584	15.3037
6585	0
6586	216.803
6587	0
6588	190.972
6589	69.1995
6590	24.2498
6591	297.125
6592	0
6593	203.344
6594	46.2352
6595	0
6596	0
6597	599.415
6598	295.547
6599	67.7918
6600	17.6783
6601	318.282
6602	55.2549
6603	120.402
6604	197.51
6605	94.7437
6606	232.676
6607	0
6608	0
6609	126.387
6610	22.511
6611	0
6612	86.9932
6613	0
6614	40.4385
6615	0
6616	52.6421
6617	10.9794
6618	100.274
6619	195.936
6620	92.8537
6621	99.4795
6622	14.6262
6623	0
6624	89.74
6625	226.694
6626	0
6627	191.931
6628	0
6629	181.218
6630	28.0072
6631	23.6444
6632	84.0303
6633	126.349
6634	72.0957
6635	235.699
6636	0
6637	69.2608
6638	336.773
6639	3.2013
6640	41.2671
6641	17.4191
6642	0
6643	66.1981
6644	0
6645	427.38
6646	84.067
6647	99.6645
6648	175.908
6649	0
6650	213.609
6651	0
6652	0
6653	96.6583
6654	163.005
6655	0
6656	302.759
6657	180.905
6658	431.454
6659	250.188
6660	270.618
6661	517.364
6662	0
6663	159.857
6664	181.362
6665	483.913
6666	273.03
6667	359.471
6668	0
6669	138.426
6670	0
6671	605.279
6672	480.76
6673	142.42
6674	0
6675	2.22444
6676	79.1886
6677	251.346
6678	0
6679	0
6680	249.146
6681	344.283
6682	448.531
6683	46.2715
6684	110.578
6685	0
6686	0
6687	0
6688	32.7693
6689	29.6059
6690	812.491
6691	0
6692	326.848
6693	0
6694	78.4795
6695	67.3597
6696	0
6697	454.123
6698	0
6699	243.895
6700	210.13
6701	240.569
6702	0.701798
6703	95.0475
6704	0
6705	0
6706	0
6707	3.13694
6708	187.598
6709	99.2047
6710	300.238
6711	20.1005
6712	0
6713	0
6714	60.0604
6715	12.1769
6716	255.294
6717	9.79638
6718	402.282
6719	79.6677
6720	313.646
6721	146.456
6722	209.662
6723	0
6724	530.118
6725	0
6726	0
6727	67.0352
6728	616.677
6729	131.825
6730	69.0327
6731	148.579
6732	0
6733	255.295
6734	119.716
6735	70.1791
6736	169.744
6737	234.293
6738	133.481
6739	390.518
6740	69.417
6741	76.396
6742	0
6743	283.95
6744	0
6745	2.44507
6746	231.507
6747	0
6748	471.899
6749	113.066
6750	108.956
6751	294.861
6752	0
6753	0
6754	0
6755	0
6756	98.8949
6757	15.9666
6758	80.8812
6759	121.657
6760	47.9697
6761	190.101
6762	8.2612
6763	64.5781
6764	81.4425
6765	43.7825
6766	292.468
6767	0
6768	201.942
6769	383.465
6770	0
6771	386.368
6772	95.2769
6773	0
6774	65.1692
6775	114.282
6776	24.1352
6777	65.0833
6778	134.65
6779	97.0151
6780	112.919
6781	61.8991
6782	254.363
6783	0
6784	26.4696
6785	114.578
6786	0
6787	0.550555
6788	256.848
6789	0
6790	152.247
6791	0
6792	11.6558
6793	35.3354
6794	259.948
6795	0
6796	92.4326
6797	428.029
6798	0.00323276
6799	35.0837
6800	159.814
6801	0
6802	82.6685
6803	38.3189
6804	7.70265
6805	33.3932
6806	287.795
6807	0
6808	1.37382
6809	0
6810	158.687
6811	97.8673
6812	0
6813	0
6814	34.966
6815	12.6535
6816	170.051
6817	16.9665
6818	102.291
6819	0
6820	0
6821	71.3099
6822	22.4365
6823	0
6824	11.2397
6825	0
6826	0.752636
6827	323.122
6828	45.2686
6829	434.918
6830	83.8618
6831	133.026
6832	399.957
6833	60.8807
6834	0
6835	70.0352
6836	45.3771
6837	457.861
6838	159.447
6839	316.188
6840	237.973
6841	26.1127
6842	0
6843	200.94
6844	613.004
6845	213.338
6846	56.7883
6847	117.35
6848	47.5467
6849	190.663
6850	0
6851	281.236
6852	0
6853	90.5046
6854	0
6855	101.642
6856	80.4475
6857	464.295
6858	135.985
6859	203.912
6860	170.173
6861	22.0228
6862	0
6863	198.337
6864	0
6865	58.9614
6866	239.658
6867	39.4238
6868	337.069
6869	233.015
6870	1.04473
6871	95.9391
6872	0
6873	0
6874	87.5922
6875	188.34
6876	80.7932
6877	0
6878	79.1353
6879	110.731
6880	0
6881	94.9003
6882	186.843
6883	213.45
6884	264.597
6885	50.254
6886	73.2417
6887	161.029
6888	0.140777
6889	42.5905
6890	120.684
6891	269.799
6892	41.7574
6893	88.2599
6894	241.886
6895	13.6666
6896	171.87
6897	175.355
6898	69.0383
6899	0
6900	0
6901	293.255
6902	74.8038
6903	1.04169
6904	247.271
6905	0
6906	161.235
6907	213.223
6908	0
6909	0
6910	71.1143
6911	0
6912	44.418
6913	87.1967
6914	102.303
6915	225.274
6916	48.4179
6917	17.5654
6918	336.761
6919	136.792
6920	0.255374
6921	0
6922	87.79
6923	234.998
6924	134.692
6925	0
6926	102.394
6927	16.3103
6928	242.445
6929	0
6930	60.5436
6931	18.4194
6932	181.765
6933	108.355
6934	283.319
6935	0
6936	377.08
6937	134.426
6938	44.8355
6939	0
6940	200.195
6941	37.5941
6942	269.799
6943	69.629
6944	36.0668
6945	78.7421
6946	151.885
6947	0
6948	25.8303
6949	52.0703
6950	55.5226
6951	152.844
6952	47.1353
6953	0
6954	0
6955	86.7024
6956	235.349
6957	83.7945
6958	93.4523
6959	347.347
6960	2.30144
6961	0
6962	50.65
6963	130.545
6964	0
6965	0
6966	258.333
6967	122.405
6968	103.931
6969	107.064
6970	120.049
6971	126.582
6972	0
6973	0
6974	29.1761
6975	55.1918
6976	220.844
6977	24.1197
6978	494.69
6979	602.249
6980	192.798
6981	324.921
6982	42.1708
6983	75.7759
6984	0
6985	11.9574
6986	88.459
6987	33.209
6988	128.685
6989	37.2756
6990	40.7813
6991	0
6992	173.606
6993	0
6994	125.505
6995	0
6996	17.8701
6997	421.133
6998	0.34923
6999	46.1331
7000	183.225
7001	99.7641
7002	74.0934
7003	0
7004	47.43
7005	31.8224
7006	2.07559
7007	90.3476
7008	127.718
7009	27.9605
7010	182.991
7011	324.971
7012	170.731
7013	17.754
7014	118.954
7015	220.281
7016	340.4
7017	171.919
7018	850.656
7019	41.3461
7020	115.995
7021	0
7022	0
7023	397.352
7024	115.754
7025	47.5326
7026	271.527
7027	136.956
7028	0
7029	0
7030	342.028
7031	0
7032	118.398
7033	103.265
7034	100.183
7035	10.4004
7036	162.011
7037	0
7038	190.943
7039	0
7040	35.0434
7041	234.449
7042	0
7043	0
7044	0
7045	0
7046	0
7047	2.23624
7048	447.452
7049	0
7050	52.3526
7051	24.5292
7052	94.4704
7053	0
7054	59.4424
7055	0
7056	0
7057	0
7058	0
7059	0
7060	414.62
7061	50.1086
7062	0
7063	110.869
7064	4.19949
7065	192.733
7066	0
7067	89.5588
7068	0
7069	0
7070	1.64667
7071	57.9584
7072	4.37204
7073	113.129
7074	0
7075	130.775
7076	174.235
7077	109.119
7078	77.8544
7079	158.581
7080	110.734
7081	0
7082	40.4252
7083	64.8812
7084	71.9133
7085	72.8259
7086	30.9626
7087	0
7088	15.6641
7089	570.526
7090	2.39024
7091	188.256
7092	14.8013
7093	4.746
7094	0
7095	93.5737
7096	14.5808
7097	0
7098	0
7099	12.848
7100	219.748
7101	39.9452
7102	11.5108
7103	110.877
7104	279.446
7105	220.949
7106	153.839
7107	203.281
7108	48.4492
7109	117.362
7110	90.8128
7111	28.4237
7112	332.157
7113	52.7058
7114	211.054
7115	269.876
7116	0
7117	186.121
7118	11.6271
7119	0
7120	227.47
7121	0
7122	82.1007
7123	75.2663
7124	44.8187
7125	24.9545
7126	35.1274
7127	0.244005
7128	104.273
7129	69.1368
7130	291.916
7131	94.6894
7132	107.474
7133	0
7134	90.5724
7135	0
7136	0
7137	326.961
7138	19.7311
7139	0
7140	428.733
7141	3.08513
7142	450.956
7143	0
7144	94.5431
7145	19.9603
7146	0
7147	75.6575
7148	36.6712
7149	209.305
7150	0
7151	187.074
7152	0
7153	102.663
7154	576.398
7155	12.0052
7156	23.8524
7157	57.7925
7158	0
7159	24.778
7160	21.338
7161	0
7162	125.407
7163	0
7164	0.0264182
7165	25.1807
7166	75.8772
7167	0
7168	0
7169	184.578
7170	20.7952
7171	23.2478
7172	97.6039
7173	210.778
7174	111.395
7175	48.3439
7176	102.236
7177	0
7178	500.871
7179	321.963
7180	0
7181	29.2732
7182	0
7183	268.252
7184	32.324
7185	396.675
7186	0
7187	195.849
7188	0
7189	15.0191
7190	60.9148
7191	36.8025
7192	0
7193	26.7649
7194	0
7195	95.3058
7196	0
7197	278.752
7198	16.1704
7199	0
7200	60.0427
7201	2.80608
7202	93.0122
7203	129.126
7204	231.817
7205	133.426
7206	156.138
7207	34.5035
7208	249.759
7209	75.4013
7210	412.628
7211	13.2615
7212	0
7213	22.7059
7214	46.538
7215	44.4955
7216	264.899
7217	0
7218	70.1934
7219	0
7220	0
7221	48.0716
7222	275.975
7223	170.178
7224	0
7225	90.5389
7226	453.108
7227	18.1698
7228	243.662
7229	239.811
7230	268.864
7231	0
7232	302.359
7233	2.35272
7234	152.598
7235	278.427
7236	218.263
7237	0
7238	0
7239	276.607
7240	538.207
7241	32.7063
7242	284.911
7243	0
7244	0
7245	0
7246	47.8926
7247	74.4395
7248	0
7249	103.697
7250	104.181
7251	276.295
7252	154.912
7253	181.318
7254	0
7255	36.6949
7256	0.641449
7257	17.3859
7258	67.59
7259	0
7260	0
7261	33.6456
7262	224.291
7263	0
7264	98.1609
7265	34.7722
7266	75.8413
7267	184.669
7268	0
7269	267.704
7270	61.3499
7271	0
7272	31.0266
7273	220.176
7274	173.176
7275	90.3492
7276	0
7277	62.8835
7278	161.19
7279	163.991
7280	0
7281	61.4951
7282	52.896
7283	0
7284	551.785
7285	120.578
7286	0
7287	0
7288	87.4692
7289	35.6097
7290	145.888
7291	72.0606
7292	60.5574
7293	97.9853
7294	70.7256
7295	80.2912
7296	276.068
7297	369.451
7298	84.744
7299	163.661
7300	0.0173057
7301	322.188
7302	65.4872
7303	268.246
7304	71.8897
7305	0
7306	495.268
7307	82.4582
7308	1.7891
7309	0
7310	0
7311	236.799
7312	0.0620103
7313	234.625
7314	242.62
7315	36.7738
7316	3.22034
7317	254.27
7318	69.3471
7319	20.7784
7320	382.622
7321	0
7322	71.8273
7323	115.927
7324	110.838
7325	270.942
7326	9.50508
7327	0
7328	244.784
7329	56.3214
7330	151.966
7331	0
7332	0
7333	97.8688
7334	189.094
7335	0
7336	17.6767
7337	92.1556
7338	0
7339	0
7340	132.959
7341	58.551
7342	0.226253
7343	55.2452
7344	0
7345	82.148
7346	4.65421
7347	0
7348	407.961
7349	52.9752
7350	180.473
7351	0
7352	0
7353	0
7354	0
7355	0
7356	87.3638
7357	0.0287001
7358	23.3394
7359	325.797
7360	8.22718
7361	0
7362	560.097
7363	99.7843
7364	150.061
7365	58.64
7366	148.136
7367	75.7406
7368	603.881
7369	31.0876
7370	466.355
7371	1.02797
7372	0
7373	2.65055
7374	0
7375	51.1963
7376	0
7377	39.1558
7378	3.14152
7379	0
7380	85.6116
7381	230.745
7382	0
7383	41.3267
7384	0
7385	372.751
7386	70.7245
7387	25.0399
7388	311.204
7389	0
7390	0
7391	123.349
7392	277.806
7393	37.367
7394	345.632
7395	127.44
7396	79.7471
7397	168.435
7398	0
7399	105.958
7400	130.628
7401	0
7402	274.903
7403	0
7404	171.302
7405	57.9318
7406	100.194
7407	0
7408	122.253
7409	303.113
7410	231.102
7411	371.353
7412	122.904
7413	188.781
7414	316.039
7415	32.7381
7416	0
7417	93.457
7418	275.143
7419	454.191
7420	218.208
7421	0
7422	241.7
7423	297.602
7424	50.3802
7425	29.8876
7426	245.324
7427	178.869
7428	0
7429	356.026
7430	42.7597
7431	49.4051
7432	233.774
7433	0
7434	167.378
7435	143.042
7436	227.599
7437	196.825
7438	173.573
7439	130.666
7440	72.9063
7441	0
7442	25.5203
7443	0
7444	0
7445	0
7446	85.1323
7447	117.864
7448	40.8924
7449	263.286
7450	13.4785
7451	55.3653
7452	0
7453	187.059
7454	109.75
7455	296.933
7456	46.561
7457	108.081
7458	6.18359
7459	33.2215
7460	98.5469
7461	269.301
7462	39.4235
7463	239.459
7464	42.6083
7465	134.753
7466	77.2566
7467	141.526
7468	25.2574
7469	119.731
7470	198.551
7471	38.2344
7472	94.7971
7473	98.6421
7474	27.0956
7475	213.923
7476	0
7477	297.269
7478	0
7479	4.11302
7480	48.9607
7481	114.679
7482	0
7483	40.5946
7484	239.664
7485	73.1664
7486	0
7487	0.394164
7488	198.792
7489	79.108
7490	23.4172
7491	0
7492	99.6993
7493	0
7494	0
7495	29.655
7496	301.1
7497	0
7498	117.774
7499	0
7500	0
7501	29.4725
7502	0
7503	55.8517
7504	183.107
7505	0
7506	235.447
7507	63.27
7508	5.67335
7509	233.301
7510	0.989236
7511	30.5086
7512	229.191
7513	0
7514	11.6171
7515	190.251
7516	510.211
7517	143.114
7518	170.573
7519	0
7520	107.384
7521	0
7522	32.0278
7523	61.1537
7524	367.872
7525	185.952
7526	334.084
7527	152.987
7528	51.0058
7529	103.347
7530	0
7531	80.7682
7532	634.674
7533	0
7534	392.729
7535	8.48722
7536	0
7537	71.6533
7538	0
7539	0
7540	2.72642
7541	43.3786
7542	0
7543	143.622
7544	0
7545	33.621
7546	199.223
7547	0.137204
7548	2.52322
7549	12.7158
7550	216.384
7551	31.877
7552	1.55406
7553	0
7554	0
7555	129.823
7556	30.904
7557	35.0358
7558	524.39
7559	101.941
7560	5.22797
7561	39.96
7562	9.32786
7563	66.4476
7564	42.236
7565	325.366
7566	18.9883
7567	59.5872
7568	3.91985
7569	38.5311
7570	0
7571	0
7572	105.242
7573	16.3217
7574	48.5347
7575	146.343
7576	73.3933
7577	272.934
7578	43.9877
7579	131.936
7580	89.5737
7581	262.608
7582	17.8078
7583	0
7584	115.634
7585	61.361
7586	331.205
7587	248.587
7588	23.198
7589	63.3406
7590	160.528
7591	213.432
7592	141.098
7593	75.5465
7594	495.951
7595	0
7596	276.426
7597	287.166
7598	0
7599	93.7437
7600	136.371
7601	0
7602	0.791088
7603	95.6981
7604	9.34268
7605	219.844
7606	1.07272
7607	58.5437
7608	96.5751
7609	404.974
7610	159.059
7611	117.212
7612	190.379
7613	33.723
7614	94.4069
7615	209.144
7616	53.7871
7617	0
7618	545.638
7619	0
7620	0
7621	0
7622	92.1296
7623	217.664
7624	43.4077
7625	107.871
7626	0.686378
7627	48.4526
7628	0
7629	11.5611
7630	31.0269
7631	115.152
7632	0
7633	0
7634	0
7635	0
7636	0
7637	123.086
7638	81.002
7639	201.842
7640	0
7641	43.1628
7642	195.977
7643	0
7644	248.013
7645	84.9572
7646	90.9851
7647	432.336
7648	339.794
7649	5.56365
7650	0
7651	568.471
7652	66.3539
7653	0.13574
7654	161.784
7655	30.871
7656	79.6264
7657	313.684
7658	0
7659	465.769
7660	269.727
7661	0
7662	49.511
7663	6.63965
7664	117.214
7665	166.981
7666	154.246
7667	171.509
7668	0
7669	351.128
7670	65.3187
7671	7.12724
7672	70.0782
7673	198.018
7674	89.4926
7675	94.5815
7676	114.087
7677	302.493
7678	0
7679	0
7680	134.697
7681	0
7682	115.063
7683	397.809
7684	100.658
7685	123.404
7686	147.109
7687	54.7038
7688	0
7689	43.617
7690	0
7691	70.3562
7692	249.195
7693	0.214579
7694	0
7695	15.8729
7696	232.147
7697	475.257
7698	59.5047
7699	262.303
7700	0
7701	0
7702	32.0362
7703	263.29
7704	0
7705	31.9339
7706	49.1082
7707	60.7607
7708	0
7709	393.307
7710	187.938
7711	562.999
7712	0
7713	0
7714	322.755
7715	44.4067
7716	44.4756
7717	10.502
7718	80.5709
7719	0.122833
